> rkretsch_1708751890
#rid	resname	Helix	Beta	Coil	PPII	ss_kind
1	E	0.030513	0.256298	0.630132	0.083056	C
2	F	0.094187	0.312949	0.496789	0.096075	C
3	L	0.046693	0.426932	0.436514	0.089860	C
4	E	0.060582	0.441759	0.396527	0.101132	E
5	G	0.123777	0.415419	0.374269	0.086534	E
6	R	0.193710	0.347967	0.388988	0.069335	C
7	S	0.208716	0.335866	0.387941	0.067478	C
8	D	0.338310	0.287654	0.315010	0.059025	H
9	M	0.350548	0.448024	0.165210	0.036218	E
10	A	0.250418	0.588178	0.120582	0.040822	E
11	L	0.163052	0.558653	0.243479	0.034816	E
12	K	0.161619	0.597037	0.192327	0.049016	E
13	L	0.068644	0.547647	0.301348	0.082361	E
14	V	0.144030	0.412352	0.344221	0.099397	E
15	G	0.159939	0.273708	0.468542	0.097810	C
16	G	0.096213	0.245048	0.553331	0.105409	C
17	G	0.009866	0.283603	0.583595	0.122936	C
18	H	0.034701	0.317445	0.536043	0.111812	C
19	L	0.009763	0.556181	0.383405	0.050650	E
20	I	0.008886	0.646937	0.295492	0.048685	E
21	C	0.066554	0.645465	0.228292	0.059689	E
22	N	0.009247	0.598353	0.326138	0.066262	E
23	L	0.033811	0.597047	0.321942	0.047200	E
24	K	0.071605	0.589160	0.281894	0.057341	E
25	T	0.074669	0.522752	0.350970	0.051608	E
26	T	0.124785	0.439801	0.369057	0.066356	E
27	Y	0.154126	0.360363	0.415100	0.070410	C
28	R	0.135760	0.311738	0.467644	0.084858	C
29	S	0.194785	0.140419	0.557746	0.107050	C
30	K	0.136022	0.117965	0.613431	0.132582	C
31	K	0.090316	0.188054	0.581307	0.140323	C
32	P	0.110193	0.146078	0.591971	0.151758	C
33	A	0.079870	0.169039	0.596981	0.154110	C
34	K	0.142886	0.135105	0.564076	0.157933	C
35	N	0.130799	0.128656	0.596868	0.143677	C
36	L	0.016030	0.263382	0.579511	0.141077	C
37	K	0.009505	0.218922	0.602359	0.169214	C
38	M	0.048215	0.140754	0.636380	0.174651	C
39	P	0.009660	0.244059	0.586007	0.160274	C
40	G	0.032965	0.228589	0.578877	0.159570	C
41	V	0.134071	0.130653	0.653187	0.082089	C
42	Y	0.108870	0.219183	0.595048	0.076899	C
43	Y	0.323701	0.295562	0.352244	0.028493	C
44	V	0.289903	0.315443	0.348478	0.046177	C
45	D	0.117105	0.446265	0.382422	0.054208	E
46	R	0.143774	0.546043	0.291897	0.018286	E
47	R	0.168265	0.475709	0.328583	0.027444	E
48	L	0.009711	0.599838	0.315536	0.074916	E
49	E	0.076991	0.562931	0.265203	0.094874	E
50	R	0.009776	0.578577	0.323176	0.088470	E
51	I	0.045609	0.461102	0.435965	0.057324	E
52	K	0.072369	0.410867	0.427236	0.089527	C
53	E	0.162887	0.228041	0.513845	0.095227	C
54	A	0.129022	0.181423	0.577402	0.112153	C
55	D	0.165801	0.107173	0.625050	0.101977	C
56	K	0.208678	0.088595	0.606291	0.096436	C
57	E	0.088470	0.230087	0.584122	0.097322	C
58	T	0.047357	0.316951	0.541805	0.093887	C
59	Y	0.114145	0.530636	0.271194	0.084025	E
60	V	0.107990	0.607376	0.250932	0.033702	E
61	E	0.157035	0.687545	0.135063	0.020356	E
62	Q	0.249517	0.574840	0.131081	0.044562	E
63	H	0.318580	0.463878	0.190197	0.027346	E
64	E	0.553029	0.311481	0.112173	0.023317	H
65	V	0.465690	0.299447	0.210040	0.024823	H
66	A	0.500527	0.316755	0.149581	0.033136	H
67	V	0.373854	0.326444	0.264770	0.034932	H
68	A	0.319385	0.321743	0.307893	0.050978	E
69	R	0.302362	0.280483	0.356379	0.060775	C
70	Y	0.197964	0.239937	0.493725	0.068374	C
71	C	0.135026	0.240227	0.545893	0.078854	C
72	D	0.059163	0.174221	0.654289	0.112327	C
73	L	0.055424	0.142420	0.691595	0.110561	C
74	P	0.197949	0.157556	0.542415	0.102081	C
75	S	0.358619	0.176115	0.381502	0.083763	C
76	K	0.316451	0.124273	0.477208	0.082069	C
77	L	0.305928	0.145066	0.437454	0.111553	C
78	G	0.258543	0.142531	0.473409	0.125517	C
79	H	0.155821	0.125260	0.611786	0.107133	C
80	K	0.161990	0.086878	0.606130	0.145002	C
81	G	0.106879	0.097956	0.656567	0.138598	C
82	G	0.022679	0.110438	0.719185	0.147699	C
83	T	0.057681	0.146210	0.655288	0.140820	C
84	G	0.128392	0.149047	0.586661	0.135901	C
85	G	0.119538	0.103487	0.635894	0.141081	C
86	S	0.148584	0.136615	0.600760	0.114042	C
87	M	0.293604	0.124007	0.489362	0.093027	C
88	S	0.312509	0.074685	0.516251	0.096555	C
89	E	0.378308	0.027352	0.497310	0.097030	C
90	L	0.349542	0.061115	0.510094	0.079249	C
91	I	0.266346	0.141659	0.482369	0.109627	C
92	T	0.242991	0.104591	0.517425	0.134992	C
93	E	0.199275	0.121435	0.555834	0.123456	C
94	N	0.104578	0.142478	0.627214	0.125731	C
95	M	0.072578	0.315821	0.505908	0.105692	C
96	H	0.009604	0.522386	0.377919	0.090090	E
97	M	0.009347	0.659453	0.264980	0.066220	E
98	K	0.008676	0.858951	0.078248	0.054125	E
99	L	0.008989	0.822188	0.117946	0.050877	E
100	Y	0.009332	0.924735	0.038240	0.027693	E
101	M	0.009226	0.802688	0.158532	0.029554	E
102	E	0.098547	0.707940	0.149439	0.044074	E
103	G	0.009360	0.612510	0.286801	0.091329	E
104	T	0.029983	0.442228	0.431846	0.095943	E
105	V	0.009445	0.453282	0.460894	0.076380	C
106	N	0.050352	0.290618	0.584328	0.074703	C
107	N	0.005973	0.274251	0.603431	0.116345	C
108	H	0.023552	0.368734	0.522092	0.085622	C
109	H	0.023318	0.450014	0.408010	0.118659	E
110	F	0.008396	0.657668	0.271147	0.062789	E
111	K	0.009528	0.877823	0.063618	0.049031	E
112	C	0.008906	0.873647	0.059581	0.057867	E
113	T	0.040264	0.834543	0.069526	0.055666	E
114	S	0.008662	0.659716	0.229546	0.102077	E
115	E	0.009862	0.559948	0.318197	0.111993	E
116	G	0.009834	0.481180	0.419660	0.089326	E
117	E	0.009489	0.464152	0.391609	0.134751	E
118	G	0.129467	0.330014	0.421920	0.118599	C
119	K	0.009584	0.405023	0.456528	0.128865	C
120	P	0.065308	0.254227	0.537343	0.143122	C
121	Y	0.027163	0.262662	0.554321	0.155854	C
122	E	0.013824	0.239207	0.608753	0.138216	C
123	G	0.155740	0.314689	0.419004	0.110567	C
124	T	0.009811	0.533922	0.372946	0.083321	E
125	Q	0.100265	0.582948	0.268002	0.048785	E
126	T	0.085741	0.616116	0.235819	0.062324	E
127	M	0.012231	0.731296	0.201080	0.055393	E
128	R	0.009643	0.689022	0.244121	0.057215	E
129	I	0.009088	0.743318	0.198326	0.049268	E
130	K	0.043663	0.811308	0.110004	0.035024	E
131	V	0.006056	0.765837	0.184529	0.043578	E
132	V	0.003883	0.599879	0.318017	0.078221	E
133	E	0.129584	0.337368	0.450663	0.082384	C
134	G	0.086127	0.223480	0.546672	0.143721	C
135	G	0.009787	0.293140	0.537504	0.159569	C
136	P	0.149365	0.265744	0.459280	0.125611	C
137	L	0.009395	0.289027	0.559073	0.142505	C
138	P	0.009539	0.316592	0.561738	0.112131	C
139	F	0.125189	0.343558	0.426105	0.105148	C
140	A	0.045205	0.339466	0.511563	0.103766	C
141	F	0.246462	0.314304	0.372243	0.066990	C
142	D	0.443649	0.143833	0.360836	0.051681	H
143	I	0.313342	0.287023	0.338755	0.060880	C
144	L	0.240962	0.356953	0.347411	0.054674	E
145	A	0.307087	0.224929	0.415317	0.052668	C
146	T	0.307700	0.152955	0.476898	0.062448	C
147	S	0.252973	0.222923	0.471167	0.052937	C
148	F	0.293738	0.248011	0.414087	0.044164	C
149	S	0.181145	0.228035	0.546756	0.044064	C
150	K	0.235033	0.247060	0.425793	0.092114	C
151	T	0.218969	0.378249	0.352628	0.050155	E
152	F	0.132026	0.376861	0.415039	0.076074	C
153	I	0.129061	0.319796	0.483786	0.067358	C
154	N	0.167595	0.274226	0.469596	0.088583	C
155	H	0.047325	0.250074	0.597173	0.105428	C
156	T	0.106612	0.180223	0.611020	0.102145	C
157	Q	0.224264	0.093931	0.596709	0.085096	C
158	G	0.201309	0.009633	0.692887	0.096171	C
159	I	0.190915	0.075576	0.624955	0.108555	C
160	P	0.318703	0.121925	0.478058	0.081315	C
161	D	0.546250	0.012015	0.383571	0.058164	H
162	F	0.637333	0.068403	0.266828	0.027436	H
163	F	0.682524	0.079678	0.193382	0.044417	H
164	K	0.584054	0.127187	0.245368	0.043392	H
165	Q	0.515927	0.084609	0.340951	0.058513	H
166	S	0.383066	0.212738	0.349930	0.054265	H
167	F	0.233502	0.174887	0.513231	0.078380	C
168	P	0.208884	0.144272	0.531669	0.115176	C
169	E	0.164417	0.138670	0.547619	0.149294	C
170	G	0.127837	0.219727	0.533057	0.119378	C
171	F	0.009792	0.275169	0.620622	0.094417	C
172	T	0.104839	0.471020	0.352539	0.071602	E
173	W	0.009504	0.620326	0.288643	0.081527	E
174	E	0.009550	0.754471	0.202712	0.033267	E
175	R	0.008847	0.629775	0.328923	0.032456	E
176	V	0.009228	0.654165	0.260901	0.075706	E
177	T	0.009581	0.733310	0.198705	0.058403	E
178	T	0.009861	0.622971	0.297349	0.069819	E
179	Y	0.051770	0.464761	0.381706	0.101763	E
180	E	0.135693	0.320281	0.449249	0.094778	C
181	D	0.106103	0.286138	0.510917	0.096842	C
182	G	0.111401	0.211480	0.590558	0.086561	C
183	G	0.009685	0.425137	0.470384	0.094795	C
184	V	0.009544	0.642450	0.281291	0.066715	E
185	L	0.027022	0.755688	0.176427	0.040863	E
186	T	0.009580	0.701217	0.231057	0.058146	E
187	A	0.009849	0.676191	0.266700	0.047260	E
188	T	0.089281	0.654282	0.204049	0.052388	E
189	Q	0.046845	0.602104	0.306207	0.044844	E
190	D	0.083125	0.623869	0.259359	0.033647	E
191	T	0.003787	0.682911	0.266655	0.046647	E
192	S	0.009592	0.712248	0.227911	0.050249	E
193	L	0.009024	0.628200	0.298280	0.064496	E
194	Q	0.068412	0.536669	0.330702	0.064218	E
195	D	0.102769	0.372009	0.449083	0.076138	C
196	G	0.009754	0.307299	0.580498	0.102449	C
197	C	0.058103	0.603265	0.251076	0.087556	E
198	L	0.009044	0.663318	0.263398	0.064240	E
199	I	0.008556	0.606676	0.310436	0.074332	E
200	Y	0.026241	0.746526	0.187705	0.039528	E
201	N	0.009646	0.789894	0.175885	0.024575	E
202	V	0.009516	0.748579	0.214835	0.027070	E
203	K	0.009289	0.795679	0.149221	0.045811	E
204	I	0.009437	0.686144	0.257599	0.046819	E
205	R	0.009658	0.660517	0.277615	0.052210	E
206	G	0.016737	0.629467	0.278277	0.075519	E
207	V	0.084940	0.396786	0.425117	0.093156	C
208	N	0.068140	0.343660	0.504651	0.083549	C
209	F	0.138930	0.158975	0.575701	0.126394	C
210	P	0.176729	0.070901	0.625499	0.126872	C
211	S	0.094238	0.120024	0.666146	0.119592	C
212	N	0.069706	0.173624	0.648116	0.108554	C
213	G	0.152175	0.112506	0.609100	0.126220	C
214	P	0.157273	0.117419	0.604118	0.121190	C
215	V	0.089171	0.237085	0.568859	0.104886	C
216	M	0.099301	0.221864	0.570779	0.108056	C
217	Q	0.145528	0.146575	0.589850	0.118046	C
218	K	0.206852	0.141684	0.551086	0.100377	C
219	K	0.131839	0.201945	0.558808	0.107408	C
220	T	0.139769	0.292121	0.462815	0.105295	C
221	L	0.098265	0.229738	0.551975	0.120022	C
222	G	0.026734	0.260983	0.579646	0.132637	C
223	W	0.042594	0.356293	0.476124	0.124989	C
224	E	0.033177	0.344886	0.506132	0.115805	C
225	A	0.040552	0.265988	0.577930	0.115531	C
226	S	0.118689	0.276692	0.515804	0.088814	C
227	T	0.126288	0.290783	0.489477	0.093452	C
228	E	0.098086	0.467370	0.347760	0.086784	E
229	M	0.024263	0.542108	0.315772	0.117856	E
230	L	0.009808	0.610872	0.296542	0.082778	E
231	Y	0.009505	0.582379	0.312872	0.095243	E
232	P	0.080036	0.494151	0.358796	0.067017	E
233	A	0.028956	0.380372	0.502067	0.088605	C
234	D	0.068826	0.235539	0.598061	0.097574	C
235	E	0.048532	0.303079	0.548773	0.099616	C
236	F	0.009319	0.428595	0.453354	0.108731	C
237	L	0.009560	0.553103	0.367151	0.070186	E
238	E	0.040330	0.603831	0.285144	0.070695	E
239	G	0.211952	0.524480	0.219604	0.043964	E
240	R	0.176049	0.567718	0.210802	0.045430	E
241	S	0.128450	0.572113	0.260470	0.038966	E
242	D	0.273012	0.505073	0.190975	0.030940	E
243	M	0.220174	0.544304	0.202000	0.033522	E
244	A	0.142616	0.686028	0.155502	0.015854	E
245	L	0.040164	0.623028	0.296643	0.040165	E
246	K	0.073992	0.620568	0.248290	0.057150	E
247	L	0.009761	0.501578	0.414932	0.073728	E
248	V	0.090773	0.410621	0.408420	0.090186	E
249	G	0.147374	0.271044	0.484045	0.097537	C
250	G	0.096518	0.253433	0.539371	0.110678	C
251	G	0.001135	0.366266	0.520407	0.112192	C
252	H	0.009612	0.446641	0.438471	0.105276	E
253	L	0.008971	0.676292	0.251648	0.063089	E
254	I	0.008905	0.764737	0.172259	0.054099	E
255	C	0.051697	0.714560	0.148976	0.084766	E
256	N	0.008991	0.664349	0.254643	0.072017	E
257	L	0.009664	0.667398	0.268244	0.054693	E
258	K	0.186411	0.525394	0.244090	0.044105	E
259	T	0.166342	0.514563	0.277542	0.041553	E
260	T	0.233634	0.371030	0.367461	0.027876	E
261	Y	0.194448	0.332223	0.422870	0.050459	C
262	R	0.034195	0.404244	0.503641	0.057919	C
263	S	0.250583	0.105958	0.531170	0.112288	C
264	K	0.188105	0.097313	0.602328	0.112254	C
265	K	0.152484	0.158032	0.561245	0.128239	C
266	P	0.169115	0.045882	0.653589	0.131414	C
267	A	0.176781	0.080105	0.600343	0.142771	C
268	K	0.116148	0.102511	0.616566	0.164775	C
269	N	0.163217	0.071182	0.621254	0.144347	C
270	L	0.002822	0.187176	0.660537	0.149464	C
271	K	0.031613	0.162620	0.633413	0.172354	C
272	M	0.086087	0.118419	0.623246	0.172247	C
273	P	0.030568	0.288134	0.511871	0.169427	C
274	G	0.009870	0.277241	0.553225	0.159663	C
275	V	0.122192	0.184114	0.558465	0.135229	C
276	Y	0.053221	0.359885	0.490723	0.096171	C
277	Y	0.134476	0.526028	0.265426	0.074070	E
278	V	0.097898	0.538342	0.287866	0.075894	E
279	D	0.003948	0.630512	0.302200	0.063340	E
280	R	0.031928	0.763204	0.194982	0.009886	E
281	R	0.153167	0.668400	0.151867	0.026566	E
282	L	0.009797	0.672910	0.273236	0.044057	E
283	E	0.069662	0.656299	0.210570	0.063469	E
284	R	0.009727	0.650797	0.256536	0.082939	E
285	I	0.022521	0.551338	0.354671	0.071470	E
286	K	0.084666	0.405228	0.421393	0.088714	C
287	E	0.131088	0.260207	0.522135	0.086570	C
288	A	0.136903	0.183688	0.567977	0.111432	C
289	D	0.187578	0.121301	0.607598	0.083523	C
290	K	0.256102	0.129776	0.534678	0.079443	C
291	E	0.188254	0.239351	0.497031	0.075363	C
292	T	0.113645	0.318544	0.498227	0.069584	C
293	Y	0.238430	0.416403	0.280531	0.064637	E
294	V	0.258132	0.470914	0.256030	0.014924	E
295	E	0.289718	0.573713	0.126758	0.009810	E
296	Q	0.293900	0.590295	0.098443	0.017362	E
297	H	0.434959	0.385680	0.159519	0.019842	H
298	E	0.469955	0.425576	0.079768	0.024701	H
299	V	0.478369	0.313405	0.188764	0.019462	H
300	A	0.423681	0.391928	0.165223	0.019168	H
301	V	0.347333	0.375037	0.240248	0.037381	E
302	A	0.219774	0.413109	0.307690	0.059427	E
303	R	0.175421	0.316895	0.443175	0.064510	C
304	Y	0.090997	0.277846	0.549624	0.081533	C
305	C	0.063333	0.281236	0.544400	0.111031	C
306	D	0.051061	0.213561	0.612891	0.122487	C
307	L	0.044862	0.168227	0.647510	0.139400	C
308	P	0.127478	0.195316	0.551701	0.125505	C
309	S	0.243652	0.186957	0.450050	0.119342	C
310	K	0.286741	0.121454	0.474148	0.117657	C
311	L	0.165042	0.200230	0.496909	0.137819	C
312	G	0.151734	0.156840	0.552878	0.138548	C
313	H	0.084620	0.174232	0.610721	0.130427	C
314	K	0.124335	0.092828	0.617122	0.165716	C
315	G	0.137454	0.112420	0.597702	0.152424	C
316	G	0.094950	0.091479	0.669991	0.143580	C
317	T	0.166149	0.065479	0.622485	0.145887	C
318	G	0.279124	0.087393	0.526264	0.107219	C
319	G	0.281704	0.058873	0.553208	0.106215	C
320	S	0.357594	0.067407	0.499248	0.075751	C
321	M	0.429253	0.101250	0.394546	0.074951	H
322	S	0.434846	0.060679	0.427625	0.076850	H
323	E	0.481610	0.009891	0.439887	0.068612	H
324	L	0.451944	0.009794	0.486126	0.052135	C
325	I	0.363194	0.110493	0.448319	0.077994	C
326	T	0.306400	0.101915	0.488589	0.103097	C
327	E	0.239114	0.106044	0.554999	0.099842	C
328	N	0.153960	0.147632	0.595763	0.102645	C
329	M	0.091534	0.295212	0.515725	0.097528	C
330	H	0.009734	0.526879	0.371072	0.092315	E
331	M	0.009640	0.685008	0.242243	0.063110	E
332	K	0.008718	0.839778	0.093591	0.057912	E
333	L	0.009126	0.798899	0.141971	0.050004	E
334	Y	0.009386	0.909858	0.051679	0.029078	E
335	M	0.009312	0.796653	0.164363	0.029673	E
336	E	0.109019	0.703725	0.143694	0.043561	E
337	G	0.009404	0.611977	0.283748	0.094871	E
338	T	0.039355	0.437745	0.427315	0.095585	E
339	V	0.009469	0.457208	0.453002	0.080320	E
340	N	0.057813	0.290679	0.575711	0.075796	C
341	N	0.011592	0.292430	0.584083	0.111896	C
342	H	0.029752	0.409689	0.484673	0.075886	C
343	H	0.017399	0.432717	0.431402	0.118481	E
344	F	0.008667	0.670416	0.261556	0.059361	E
345	K	0.009836	0.880826	0.060136	0.049202	E
346	C	0.008881	0.878525	0.053605	0.058988	E
347	T	0.035160	0.808010	0.096738	0.060092	E
348	S	0.008685	0.649299	0.236211	0.105804	E
349	E	0.009768	0.567088	0.311140	0.112005	E
350	G	0.009755	0.486139	0.412331	0.091775	E
351	E	0.006674	0.459493	0.399393	0.134440	E
352	G	0.125779	0.326841	0.430051	0.117329	C
353	K	0.009562	0.399474	0.464555	0.126409	C
354	P	0.071853	0.250081	0.538534	0.139532	C
355	Y	0.030138	0.265265	0.552321	0.152276	C
356	E	0.029250	0.237242	0.597173	0.136335	C
357	G	0.161955	0.317057	0.412856	0.108133	C
358	T	0.001877	0.534405	0.378974	0.084744	E
359	Q	0.108596	0.574974	0.269011	0.047418	E
360	T	0.090266	0.607702	0.238734	0.063298	E
361	M	0.021187	0.726566	0.198722	0.053524	E
362	R	0.009708	0.684403	0.247024	0.058865	E
363	I	0.009147	0.744429	0.196943	0.049481	E
364	K	0.045367	0.806908	0.111876	0.035849	E
365	V	0.009581	0.763052	0.184111	0.043255	E
366	V	0.007028	0.600044	0.315395	0.077533	E
367	E	0.133576	0.333497	0.450647	0.082280	C
368	G	0.090625	0.224738	0.542467	0.142170	C
369	G	0.009680	0.293186	0.537912	0.159222	C
370	P	0.141544	0.265621	0.469786	0.123049	C
371	L	0.009325	0.282612	0.564118	0.143946	C
372	P	0.009593	0.312497	0.563416	0.114494	C
373	F	0.125855	0.342556	0.426869	0.104720	C
374	A	0.046969	0.339618	0.510700	0.102712	C
375	F	0.242569	0.317984	0.372444	0.067003	C
376	D	0.428666	0.152130	0.366353	0.052851	H
377	I	0.309966	0.297270	0.333030	0.059733	C
378	L	0.225328	0.366534	0.351465	0.056673	E
379	A	0.296516	0.231002	0.418779	0.053704	C
380	T	0.296067	0.167671	0.476700	0.059562	C
381	S	0.240024	0.228540	0.478684	0.052751	C
382	F	0.292024	0.248141	0.415049	0.044787	C
383	S	0.183544	0.229686	0.542958	0.043811	C
384	K	0.240098	0.248084	0.420492	0.091326	C
385	T	0.226208	0.377507	0.347057	0.049228	E
386	F	0.137838	0.374848	0.411873	0.075441	C
387	I	0.134448	0.314381	0.482530	0.068641	C
388	N	0.171957	0.273624	0.466402	0.088017	C
389	H	0.052059	0.251520	0.591904	0.104517	C
390	T	0.110276	0.178256	0.608582	0.102885	C
391	Q	0.225396	0.097357	0.592181	0.085065	C
392	G	0.207449	0.009585	0.687568	0.095399	C
393	I	0.194804	0.073869	0.622901	0.108426	C
394	P	0.318803	0.118356	0.479858	0.082983	C
395	D	0.510213	0.015417	0.407298	0.067071	H
396	F	0.636576	0.060608	0.276139	0.026677	H
397	F	0.662088	0.080849	0.209919	0.047144	H
398	K	0.594265	0.138422	0.227841	0.039472	H
399	Q	0.526071	0.090786	0.323291	0.059852	H
400	S	0.387414	0.210535	0.344560	0.057492	H
401	F	0.231477	0.179323	0.511303	0.077896	C
402	P	0.205501	0.145276	0.534153	0.115069	C
403	E	0.159865	0.140272	0.550774	0.149089	C
404	G	0.126870	0.216127	0.538026	0.118978	C
405	F	0.009785	0.268938	0.626779	0.094499	C
406	T	0.099577	0.469672	0.357905	0.072845	E
407	W	0.009501	0.624265	0.285629	0.080605	E
408	E	0.009551	0.754414	0.202596	0.033440	E
409	R	0.008814	0.628010	0.330459	0.032717	E
410	V	0.009212	0.652054	0.263722	0.075012	E
411	T	0.009554	0.733187	0.197069	0.060190	E
412	T	0.009869	0.625379	0.294354	0.070398	E
413	Y	0.047834	0.468451	0.375238	0.108477	E
414	E	0.127101	0.332387	0.444292	0.096220	C
415	D	0.113578	0.299110	0.489400	0.097912	C
416	G	0.130102	0.225811	0.558838	0.085249	C
417	G	0.009787	0.436580	0.459338	0.094295	C
418	V	0.009648	0.649575	0.276422	0.064355	E
419	L	0.041393	0.740184	0.177954	0.040469	E
420	T	0.009582	0.687013	0.243939	0.059466	E
421	A	0.017532	0.670090	0.268713	0.043665	E
422	T	0.103983	0.631618	0.209948	0.054451	E
423	Q	0.056345	0.594890	0.304216	0.044549	E
424	D	0.084721	0.616889	0.260154	0.038236	E
425	T	0.006335	0.681065	0.264909	0.047691	E
426	S	0.009571	0.715237	0.225251	0.049941	E
427	L	0.008998	0.634978	0.291382	0.064642	E
428	Q	0.071723	0.532916	0.328398	0.066962	E
429	D	0.095602	0.363105	0.462003	0.079290	C
430	G	0.009794	0.300409	0.583458	0.106340	C
431	C	0.039221	0.601179	0.274070	0.085529	E
432	L	0.009073	0.641974	0.280384	0.068569	E
433	I	0.008434	0.593158	0.324105	0.074302	E
434	Y	0.026286	0.714772	0.223260	0.035681	E
435	N	0.009781	0.773602	0.197143	0.019474	E
436	V	0.009529	0.762949	0.198462	0.029061	E
437	K	0.009767	0.802017	0.147446	0.040770	E
438	I	0.009109	0.668310	0.273991	0.048590	E
439	R	0.009528	0.677190	0.265222	0.048060	E
440	G	0.011524	0.654993	0.256367	0.077116	E
441	V	0.116797	0.390476	0.406906	0.085821	C
442	N	0.068411	0.344409	0.501550	0.085630	C
443	F	0.141683	0.164914	0.565506	0.127898	C
444	P	0.178764	0.077997	0.615056	0.128182	C
445	S	0.093439	0.115092	0.670011	0.121458	C
446	N	0.070472	0.176737	0.641974	0.110817	C
447	G	0.151345	0.111675	0.609676	0.127304	C
448	P	0.148826	0.118440	0.609668	0.123065	C
449	V	0.084747	0.237134	0.572053	0.106066	C
450	M	0.091597	0.221834	0.575963	0.110606	C
451	Q	0.145542	0.141365	0.594478	0.118616	C
452	K	0.210248	0.128418	0.561744	0.099591	C
453	K	0.144250	0.209800	0.541055	0.104895	C
454	T	0.149958	0.304431	0.441395	0.104215	C
455	L	0.122861	0.230497	0.528742	0.117901	C
456	G	0.052242	0.256876	0.559766	0.131116	C
457	W	0.048541	0.358146	0.468986	0.124327	C
458	E	0.040629	0.344642	0.499653	0.115075	C
459	A	0.048491	0.262674	0.572029	0.116806	C
460	S	0.122920	0.275079	0.515747	0.086254	C
461	T	0.135294	0.282927	0.490710	0.091070	C
462	E	0.124926	0.449473	0.342301	0.083299	E
463	M	0.021858	0.544246	0.318855	0.115041	E
464	L	0.009668	0.603694	0.301969	0.084669	E
465	Y	0.009489	0.579824	0.316846	0.093841	E
466	P	0.066486	0.498359	0.371717	0.063437	E
467	A	0.029090	0.380979	0.501944	0.087986	C
468	D	0.059860	0.231459	0.606211	0.102470	C
469	E	0.060882	0.268293	0.575656	0.095170	C
470	F	0.009420	0.426700	0.458584	0.105297	C
471	L	0.009473	0.557532	0.367003	0.065992	E
472	E	0.041404	0.605304	0.283576	0.069716	E
473	G	0.210167	0.530553	0.216999	0.042280	E
474	R	0.167829	0.583254	0.206243	0.042674	E
475	S	0.117039	0.589946	0.255843	0.037172	E
476	D	0.258460	0.527506	0.184613	0.029421	E
477	M	0.200602	0.568596	0.197156	0.033646	E
478	A	0.130518	0.699671	0.155727	0.014084	E
479	L	0.017022	0.657056	0.286449	0.039473	E
480	K	0.053365	0.649158	0.242061	0.055417	E
481	L	0.009675	0.520648	0.399281	0.070396	E
482	V	0.082965	0.417598	0.408338	0.091098	E
483	G	0.141119	0.267705	0.494944	0.096232	C
484	G	0.096183	0.257169	0.536558	0.110090	C
485	G	0.009786	0.371761	0.509153	0.109300	C
486	H	0.009387	0.471298	0.414765	0.104549	E
487	L	0.008892	0.686989	0.241764	0.062354	E
488	I	0.008879	0.771547	0.162709	0.056865	E
489	C	0.021225	0.736667	0.151853	0.090256	E
490	N	0.008876	0.678801	0.238128	0.074195	E
491	L	0.009431	0.688735	0.249270	0.052564	E
492	K	0.128605	0.580175	0.242723	0.048496	E
493	T	0.095872	0.523771	0.327761	0.052596	E
494	T	0.181576	0.449806	0.334244	0.034375	E
495	Y	0.142493	0.408315	0.393346	0.055846	E
496	R	0.037665	0.452256	0.436549	0.073530	E
497	S	0.205730	0.125365	0.546478	0.122427	C
498	K	0.184707	0.080286	0.614506	0.120502	C
499	K	0.150412	0.169824	0.548398	0.131366	C
500	P	0.155902	0.072518	0.638539	0.133041	C
501	A	0.188542	0.090145	0.578819	0.142493	C
502	K	0.123325	0.114206	0.602691	0.159778	C
503	N	0.165295	0.085557	0.609457	0.139691	C
504	L	0.003502	0.204730	0.647116	0.144651	C
505	K	0.036301	0.178455	0.621712	0.163531	C
506	M	0.081729	0.136592	0.614206	0.167473	C
507	P	0.032477	0.293629	0.510317	0.163577	C
508	G	0.001261	0.294966	0.543793	0.159980	C
509	V	0.141074	0.168291	0.559077	0.131558	C
510	Y	0.070867	0.345531	0.483752	0.099850	C
511	Y	0.157879	0.515048	0.250501	0.076572	E
512	V	0.141577	0.506997	0.273807	0.077620	E
513	D	0.018906	0.630321	0.282900	0.067873	E
514	R	0.063720	0.781645	0.151626	0.003010	E
515	R	0.159451	0.657930	0.163101	0.019517	E
516	L	0.012857	0.638610	0.305764	0.042769	E
517	E	0.088902	0.629903	0.218192	0.063004	E
518	R	0.014843	0.633934	0.262608	0.088616	E
519	I	0.053642	0.509321	0.358765	0.078272	E
520	K	0.088382	0.411635	0.409598	0.090385	E
521	E	0.112784	0.280929	0.511118	0.095169	C
522	A	0.131773	0.188539	0.566343	0.113345	C
523	D	0.211950	0.126830	0.586723	0.074498	C
524	K	0.261841	0.148531	0.520497	0.069131	C
525	E	0.155374	0.246689	0.522604	0.075333	C
526	T	0.107115	0.310232	0.513177	0.069476	C
527	Y	0.179008	0.439742	0.309974	0.071276	E
528	V	0.168800	0.513147	0.293504	0.024548	E
529	E	0.258962	0.587377	0.146007	0.007653	E
530	Q	0.263997	0.556064	0.146539	0.033400	E
531	H	0.452117	0.323297	0.193153	0.031433	H
532	E	0.520831	0.369080	0.072221	0.037868	H
533	V	0.523940	0.266562	0.184001	0.025497	H
534	A	0.448485	0.336072	0.189761	0.025682	H
535	V	0.353553	0.335616	0.271141	0.039690	H
536	A	0.219803	0.367962	0.351123	0.061112	E
537	R	0.182648	0.292519	0.451203	0.073629	C
538	Y	0.102794	0.258263	0.555637	0.083305	C
539	C	0.067082	0.243487	0.572228	0.117202	C
540	D	0.034963	0.206790	0.628972	0.129275	C
541	L	0.053257	0.150019	0.650420	0.146303	C
542	P	0.145889	0.183275	0.541197	0.129639	C
543	S	0.302845	0.162498	0.418810	0.115847	C
544	K	0.347291	0.113372	0.431016	0.108321	C
545	L	0.242721	0.166322	0.466092	0.124864	C
546	G	0.246258	0.123775	0.511872	0.118095	C
547	H	0.172560	0.172576	0.531955	0.122908	C
548	K	0.154500	0.080860	0.613114	0.151526	C
549	G	0.135474	0.089077	0.615226	0.160223	C
550	G	0.085046	0.089864	0.677587	0.147503	C
551	T	0.149391	0.090900	0.620667	0.139042	C
552	G	0.222667	0.107925	0.543062	0.126345	C
553	G	0.195050	0.070672	0.599925	0.134353	C
554	S	0.276487	0.117085	0.513541	0.092887	C
555	M	0.345052	0.138049	0.436882	0.080018	C
556	S	0.429005	0.082934	0.415486	0.072575	H
557	E	0.411318	0.124829	0.385580	0.078274	H
558	L	0.403108	0.100648	0.434264	0.061979	C
559	I	0.339575	0.151009	0.432523	0.076892	C
560	T	0.252755	0.133600	0.501140	0.112504	C
561	E	0.204764	0.115545	0.564145	0.115546	C
562	N	0.102290	0.172840	0.602950	0.121920	C
563	M	0.075787	0.314735	0.498882	0.110596	C
564	H	0.009511	0.521911	0.370293	0.098285	E
565	M	0.009531	0.673650	0.247148	0.069671	E
566	K	0.008579	0.839873	0.090531	0.061016	E
567	L	0.009092	0.801774	0.138367	0.050767	E
568	Y	0.009373	0.915773	0.046366	0.028487	E
569	M	0.009282	0.796084	0.165520	0.029115	E
570	E	0.109613	0.703102	0.143881	0.043404	E
571	G	0.009410	0.613176	0.282737	0.094677	E
572	T	0.039430	0.438193	0.426806	0.095571	E
573	V	0.009461	0.457454	0.453018	0.080067	E
574	N	0.056745	0.292149	0.575001	0.076105	C
575	N	0.011940	0.291658	0.584255	0.112148	C
576	H	0.033444	0.406091	0.483753	0.076712	C
577	H	0.023590	0.424603	0.431936	0.119871	C
578	F	0.008709	0.671035	0.259162	0.061093	E
579	K	0.009780	0.856996	0.078849	0.054374	E
580	C	0.008965	0.871337	0.062490	0.057208	E
581	T	0.016536	0.800970	0.118066	0.064428	E
582	S	0.008797	0.634103	0.250962	0.106137	E
583	E	0.009727	0.551376	0.328050	0.110846	E
584	G	0.009647	0.483042	0.411638	0.095672	E
585	E	0.006031	0.473846	0.387619	0.132504	E
586	G	0.111231	0.349563	0.423336	0.115870	C
587	K	0.009427	0.406702	0.453958	0.129913	C
588	P	0.102551	0.256607	0.504563	0.136279	C
589	Y	0.032110	0.289297	0.534484	0.144108	C
590	E	0.028756	0.254486	0.588323	0.128435	C
591	G	0.181999	0.328384	0.388510	0.101107	C
592	T	0.018376	0.532341	0.368480	0.080803	E
593	Q	0.112464	0.578719	0.264147	0.044671	E
594	T	0.095568	0.599075	0.244040	0.061317	E
595	M	0.014968	0.720654	0.209833	0.054545	E
596	R	0.009606	0.689907	0.243718	0.056769	E
597	I	0.009005	0.756689	0.188042	0.046264	E
598	K	0.041022	0.827880	0.100166	0.030932	E
599	V	0.002296	0.783762	0.171148	0.042795	E
600	V	0.009898	0.606827	0.309032	0.074243	E
601	E	0.145735	0.342205	0.433824	0.078237	C
602	G	0.094014	0.200077	0.558661	0.147248	C
603	G	0.009719	0.281788	0.544318	0.164175	C
604	P	0.106928	0.300542	0.458281	0.134249	C
605	L	0.009584	0.299873	0.543792	0.146752	C
606	P	0.009483	0.363997	0.511240	0.115281	C
607	F	0.085531	0.405827	0.404214	0.104428	E
608	A	0.040824	0.390987	0.475563	0.092627	C
609	F	0.238488	0.347452	0.345890	0.068169	E
610	D	0.428523	0.160554	0.357149	0.053774	H
611	I	0.323864	0.285612	0.326717	0.063806	C
612	L	0.247752	0.342119	0.348616	0.061512	C
613	A	0.322667	0.209281	0.413335	0.054718	C
614	T	0.335791	0.153278	0.449464	0.061467	C
615	S	0.305874	0.205203	0.442148	0.046775	C
616	F	0.331183	0.222673	0.399369	0.046775	C
617	S	0.215603	0.215923	0.529811	0.038663	C
618	K	0.258101	0.270148	0.390228	0.081523	C
619	T	0.231421	0.429716	0.298356	0.040507	E
620	F	0.096871	0.427787	0.391475	0.083867	E
621	I	0.124260	0.344724	0.459378	0.071638	C
622	N	0.155912	0.294190	0.462177	0.087721	C
623	H	0.037515	0.275958	0.579901	0.106626	C
624	T	0.110390	0.174940	0.613286	0.101383	C
625	Q	0.216856	0.091852	0.608649	0.082643	C
626	G	0.207409	0.009526	0.689051	0.094014	C
627	I	0.193172	0.072364	0.626408	0.108055	C
628	P	0.314035	0.119631	0.482846	0.083488	C
629	D	0.499690	0.018106	0.413616	0.068588	H
630	F	0.632124	0.063376	0.277219	0.027281	H
631	F	0.654162	0.085671	0.211973	0.048195	H
632	K	0.578878	0.148126	0.231971	0.041025	H
633	Q	0.517686	0.093382	0.326587	0.062345	H
634	S	0.381977	0.213059	0.345389	0.059574	H
635	F	0.222292	0.184509	0.513594	0.079605	C
636	P	0.201038	0.150444	0.533525	0.114993	C
637	E	0.156360	0.145138	0.549828	0.148674	C
638	G	0.121576	0.219211	0.540701	0.118512	C
639	F	0.009695	0.272977	0.623286	0.094041	C
640	T	0.094103	0.470482	0.364213	0.071202	E
641	W	0.009460	0.620167	0.289760	0.080612	E
642	E	0.009562	0.751708	0.204695	0.034036	E
643	R	0.008729	0.626948	0.331347	0.032976	E
644	V	0.009223	0.648036	0.270587	0.072154	E
645	T	0.009444	0.736341	0.196419	0.057796	E
646	T	0.027315	0.614721	0.288169	0.069795	E
647	Y	0.044072	0.480645	0.371102	0.104182	E
648	E	0.128468	0.340764	0.434326	0.096442	C
649	D	0.111513	0.303991	0.487737	0.096759	C
650	G	0.123903	0.239934	0.548508	0.087655	C
651	G	0.009790	0.436665	0.461454	0.092091	C
652	V	0.009683	0.649341	0.277258	0.063718	E
653	L	0.049294	0.724604	0.185214	0.040888	E
654	T	0.009682	0.684311	0.245426	0.060580	E
655	A	0.029325	0.664353	0.263610	0.042712	E
656	T	0.106589	0.621592	0.216197	0.055621	E
657	Q	0.067490	0.596670	0.294024	0.041816	E
658	D	0.087657	0.614966	0.258184	0.039193	E
659	T	0.012864	0.678701	0.261521	0.046914	E
660	S	0.009661	0.711827	0.230411	0.048102	E
661	L	0.009033	0.637879	0.287833	0.065256	E
662	Q	0.069319	0.535580	0.327287	0.067813	E
663	D	0.090260	0.372126	0.457704	0.079910	C
664	G	0.001850	0.306007	0.585370	0.106773	C
665	C	0.036040	0.614640	0.260512	0.088808	E
666	L	0.008965	0.649216	0.274202	0.067616	E
667	I	0.008682	0.605604	0.312923	0.072791	E
668	Y	0.027576	0.728644	0.214328	0.029451	E
669	N	0.001623	0.815289	0.164449	0.018639	E
670	V	0.009219	0.801241	0.165905	0.023636	E
671	K	0.009451	0.844088	0.104572	0.041888	E
672	I	0.008961	0.717915	0.225504	0.047620	E
673	R	0.009553	0.711771	0.222719	0.055957	E
674	G	0.009791	0.685007	0.229464	0.075738	E
675	V	0.096499	0.411471	0.399651	0.092380	E
676	N	0.062031	0.352426	0.497732	0.087812	C
677	F	0.120653	0.173921	0.578044	0.127382	C
678	P	0.203292	0.065692	0.606515	0.124501	C
679	S	0.095077	0.105597	0.677979	0.121347	C
680	N	0.078473	0.162414	0.645524	0.113589	C
681	G	0.142298	0.100683	0.634607	0.122413	C
682	P	0.154611	0.103334	0.621812	0.120243	C
683	V	0.077583	0.213379	0.602389	0.106650	C
684	M	0.037895	0.213603	0.632146	0.116356	C
685	Q	0.132332	0.152436	0.601295	0.113937	C
686	K	0.237107	0.134308	0.538831	0.089754	C
687	K	0.152081	0.199565	0.548592	0.099762	C
688	T	0.154331	0.247823	0.495636	0.102210	C
689	L	0.138081	0.207234	0.532675	0.122010	C
690	G	0.096794	0.205187	0.562864	0.135155	C
691	W	0.037681	0.320372	0.502280	0.139667	C
692	E	0.030975	0.334989	0.519966	0.114071	C
693	A	0.059464	0.238632	0.582697	0.119207	C
694	S	0.148321	0.276783	0.493927	0.080970	C
695	T	0.119736	0.321713	0.467707	0.090844	C
696	E	0.135887	0.445762	0.338691	0.079660	E
697	M	0.029422	0.532809	0.325287	0.112481	E
698	L	0.009666	0.588688	0.316248	0.085398	E
699	Y	0.009566	0.583980	0.314316	0.092138	E
700	P	0.079853	0.511897	0.348315	0.059935	E
701	A	0.031286	0.391238	0.491686	0.085790	C
702	D	0.083245	0.231832	0.591805	0.093118	C
703	E	0.044114	0.312644	0.556865	0.086377	C
704	F	0.009361	0.467088	0.431846	0.091705	E
705	L	0.009408	0.599540	0.327868	0.063184	E
706	E	0.038399	0.633462	0.262595	0.065544	E
707	G	0.212902	0.552111	0.193098	0.041888	E
708	R	0.176634	0.589842	0.195293	0.038231	E
709	S	0.105754	0.586945	0.270500	0.036801	E
710	D	0.267988	0.513270	0.189194	0.029548	E
711	M	0.222727	0.543447	0.199497	0.034329	E
712	A	0.126604	0.691196	0.162778	0.019422	E
713	L	0.050618	0.636488	0.272716	0.040178	E
714	K	0.103423	0.638528	0.215791	0.042257	E
715	L	0.009847	0.500870	0.411380	0.077903	E
716	V	0.100899	0.343577	0.459607	0.095918	C
717	G	0.148287	0.267338	0.493655	0.090720	C
718	G	0.107092	0.240895	0.549029	0.102985	C
719	G	0.009856	0.357573	0.525481	0.107090	C
720	H	0.009471	0.456141	0.433781	0.100608	E
721	L	0.008873	0.694689	0.235923	0.060515	E
722	I	0.008918	0.769732	0.162156	0.059194	E
723	C	0.009083	0.728409	0.167054	0.095455	E
724	N	0.008968	0.670652	0.247997	0.072383	E
725	L	0.009622	0.689020	0.252856	0.048502	E
726	K	0.145527	0.590349	0.222376	0.041747	E
727	T	0.090425	0.508316	0.351460	0.049800	E
728	T	0.160041	0.484694	0.319356	0.035908	E
729	Y	0.132495	0.416805	0.400151	0.050549	E
730	R	0.022565	0.447342	0.453302	0.076792	C
731	S	0.203960	0.141251	0.529411	0.125378	C
732	K	0.185415	0.065563	0.625205	0.123817	C
733	K	0.123659	0.184395	0.562702	0.129244	C
734	P	0.154299	0.084206	0.626254	0.135241	C
735	A	0.194876	0.100014	0.566702	0.138408	C
736	K	0.141834	0.108926	0.591615	0.157625	C
737	N	0.167453	0.103671	0.588307	0.140569	C
738	L	0.036476	0.205236	0.617940	0.140348	C
739	K	0.031456	0.197545	0.604885	0.166114	C
740	M	0.074441	0.128403	0.619215	0.177941	C
741	P	0.040896	0.292882	0.501490	0.164732	C
742	G	0.004224	0.288556	0.544399	0.162821	C
743	V	0.135185	0.163367	0.562987	0.138461	C
744	Y	0.071661	0.318122	0.508846	0.101370	C
745	Y	0.144976	0.484673	0.284668	0.085682	E
746	V	0.116274	0.521324	0.284184	0.078219	E
747	D	0.028831	0.669799	0.244305	0.057065	E
748	R	0.059101	0.814671	0.116095	0.010132	E
749	R	0.149835	0.685769	0.148099	0.016296	E
750	L	0.030168	0.673230	0.253161	0.043441	E
751	E	0.088213	0.692049	0.159169	0.060569	E
752	R	0.020746	0.657578	0.248291	0.073385	E
753	I	0.064482	0.505630	0.359113	0.070776	E
754	K	0.104950	0.383957	0.424047	0.087046	C
755	E	0.072986	0.276750	0.549679	0.100585	C
756	A	0.122249	0.191279	0.575351	0.111121	C
757	D	0.208041	0.113805	0.598832	0.079322	C
758	K	0.254106	0.136372	0.533608	0.075914	C
759	E	0.158492	0.246492	0.519024	0.075993	C
760	T	0.110628	0.311251	0.508905	0.069216	C
761	Y	0.162197	0.466434	0.294874	0.076495	E
762	V	0.176595	0.544870	0.259465	0.019069	E
763	E	0.258347	0.628319	0.103479	0.009855	E
764	Q	0.249947	0.600666	0.117886	0.031501	E
765	H	0.423139	0.369765	0.180162	0.026934	H
766	E	0.497054	0.418900	0.054021	0.030024	H
767	V	0.476615	0.313115	0.186380	0.023891	H
768	A	0.427703	0.363006	0.184890	0.024401	H
769	V	0.312245	0.384449	0.264254	0.039052	E
770	A	0.227431	0.387082	0.320867	0.064620	E
771	R	0.164587	0.331713	0.432557	0.071142	C
772	Y	0.120311	0.287171	0.510799	0.081718	C
773	C	0.047140	0.315739	0.524859	0.112261	C
774	D	0.049319	0.216677	0.612248	0.121756	C
775	L	0.031705	0.185922	0.642444	0.139930	C
776	P	0.120180	0.210837	0.544724	0.124259	C
777	S	0.241749	0.204160	0.434700	0.119392	C
778	K	0.316208	0.139005	0.430613	0.114173	C
779	L	0.227362	0.178737	0.462308	0.131592	C
780	G	0.196972	0.143786	0.524402	0.134839	C
781	H	0.119757	0.185969	0.561444	0.132830	C
782	K	0.121524	0.104169	0.599347	0.174961	C
783	G	0.103630	0.121125	0.610528	0.164717	C
784	G	0.072491	0.081562	0.692490	0.153456	C
785	T	0.081602	0.062230	0.699199	0.156970	C
786	G	0.168451	0.082708	0.617865	0.130976	C
787	G	0.170548	0.047113	0.649732	0.132607	C
788	S	0.201132	0.126557	0.573975	0.098336	C
789	M	0.345031	0.107755	0.462431	0.084782	C
790	S	0.328584	0.064639	0.520776	0.086001	C
791	E	0.379786	0.039690	0.488657	0.091867	C
792	L	0.367721	0.036153	0.521217	0.074910	C
793	I	0.285227	0.121972	0.490442	0.102359	C
794	T	0.247228	0.102006	0.521583	0.129183	C
795	E	0.208427	0.116307	0.556326	0.118941	C
796	N	0.104441	0.144288	0.626792	0.124479	C
797	M	0.075367	0.292590	0.524597	0.107446	C
798	H	0.009631	0.519202	0.375534	0.095632	E
799	M	0.009636	0.675993	0.247294	0.067077	E
800	K	0.008591	0.852763	0.082114	0.056532	E
801	L	0.009187	0.807291	0.134256	0.049266	E
802	Y	0.009452	0.905234	0.056975	0.028340	E
803	M	0.009161	0.783532	0.176303	0.031005	E
804	E	0.093273	0.703009	0.157541	0.046178	E
805	G	0.009395	0.610789	0.286879	0.092938	E
806	T	0.031845	0.440598	0.430547	0.097010	E
807	V	0.009463	0.450572	0.461871	0.078093	C
808	N	0.049697	0.282660	0.593306	0.074338	C
809	N	0.008487	0.291313	0.586346	0.113854	C
810	H	0.025133	0.395834	0.496469	0.082563	C
811	H	0.007412	0.461530	0.413190	0.117868	E
812	F	0.008324	0.638579	0.287625	0.065471	E
813	K	0.009410	0.876429	0.066409	0.047752	E
814	C	0.008914	0.881632	0.051289	0.058165	E
815	T	0.034397	0.848569	0.064236	0.052798	E
816	S	0.008657	0.659547	0.230302	0.101494	E
817	E	0.009858	0.579199	0.301636	0.109307	E
818	G	0.009795	0.500743	0.399636	0.089826	E
819	E	0.006812	0.470131	0.389133	0.133925	E
820	G	0.127566	0.334590	0.420031	0.117813	C
821	K	0.009580	0.403224	0.458901	0.128295	C
822	P	0.064762	0.252918	0.539002	0.143319	C
823	Y	0.025390	0.258853	0.558915	0.156842	C
824	E	0.013671	0.235559	0.611549	0.139221	C
825	G	0.153224	0.315532	0.421088	0.110157	C
826	T	0.009782	0.539271	0.367223	0.083724	E
827	Q	0.091671	0.583395	0.272137	0.052797	E
828	T	0.089609	0.609339	0.237586	0.063466	E
829	M	0.022363	0.722812	0.201228	0.053597	E
830	R	0.009746	0.674147	0.257743	0.058364	E
831	I	0.009172	0.734935	0.203232	0.052660	E
832	K	0.046942	0.798228	0.119812	0.035018	E
833	V	0.012157	0.763924	0.180001	0.043919	E
834	V	0.008572	0.597331	0.313632	0.080464	E
835	E	0.111323	0.356150	0.450957	0.081570	C
836	G	0.084590	0.233946	0.537938	0.143526	C
837	G	0.009723	0.283536	0.547118	0.159624	C
838	P	0.144713	0.260259	0.470160	0.124868	C
839	L	0.009353	0.278809	0.568882	0.142956	C
840	P	0.009525	0.310525	0.566693	0.113258	C
841	F	0.124500	0.343183	0.427020	0.105298	C
842	A	0.044408	0.340281	0.511342	0.103969	C
843	F	0.245149	0.315453	0.371877	0.067521	C
844	D	0.442646	0.145789	0.359879	0.051686	H
845	I	0.315199	0.285474	0.338305	0.061023	C
846	L	0.245264	0.354117	0.346209	0.054410	E
847	A	0.316251	0.220490	0.410524	0.052735	C
848	T	0.323210	0.147336	0.467108	0.062346	C
849	S	0.276793	0.209597	0.461458	0.052152	C
850	F	0.320206	0.229030	0.408852	0.041912	C
851	S	0.203657	0.220291	0.533367	0.042685	C
852	K	0.257037	0.235132	0.416751	0.091080	C
853	T	0.249778	0.355825	0.345359	0.049038	E
854	F	0.144106	0.372390	0.407010	0.076494	C
855	I	0.135315	0.314644	0.482312	0.067730	C
856	N	0.176383	0.262928	0.472904	0.087785	C
857	H	0.054636	0.240538	0.601376	0.103450	C
858	T	0.108070	0.176428	0.614702	0.100800	C
859	Q	0.227620	0.094851	0.593939	0.083589	C
860	G	0.201149	0.009630	0.693010	0.096212	C
861	I	0.192087	0.074788	0.624356	0.108769	C
862	P	0.322643	0.121291	0.475190	0.080876	C
863	D	0.548164	0.012768	0.381385	0.057683	H
864	F	0.641651	0.063840	0.266934	0.027575	H
865	F	0.684947	0.079878	0.191231	0.043944	H
866	K	0.585178	0.128237	0.244401	0.042184	H
867	Q	0.516025	0.085026	0.341342	0.057607	H
868	S	0.377736	0.215712	0.352783	0.053769	H
869	F	0.231834	0.176724	0.513293	0.078149	C
870	P	0.207965	0.145277	0.531840	0.114918	C
871	E	0.164386	0.138191	0.548084	0.149339	C
872	G	0.126445	0.220148	0.533964	0.119443	C
873	F	0.009770	0.272688	0.623444	0.094098	C
874	T	0.099032	0.472654	0.355919	0.072396	E
875	W	0.009483	0.621399	0.287893	0.081224	E
876	E	0.009558	0.751603	0.205258	0.033582	E
877	R	0.008813	0.626603	0.331659	0.032925	E
878	V	0.009216	0.651459	0.262843	0.076482	E
879	T	0.009581	0.730403	0.200540	0.059476	E
880	T	0.009859	0.617627	0.301859	0.070656	E
881	Y	0.050645	0.459338	0.386794	0.103223	E
882	E	0.138100	0.313229	0.453521	0.095149	C
883	D	0.105784	0.284719	0.512458	0.097040	C
884	G	0.111671	0.213325	0.587506	0.087497	C
885	G	0.009674	0.426509	0.468678	0.095139	C
886	V	0.009548	0.641976	0.281488	0.066987	E
887	L	0.026037	0.755637	0.177041	0.041284	E
888	T	0.009564	0.699130	0.232832	0.058474	E
889	A	0.009859	0.674961	0.267854	0.047326	E
890	T	0.087226	0.654359	0.205996	0.052419	E
891	Q	0.048622	0.603639	0.303040	0.044700	E
892	D	0.083172	0.628852	0.255896	0.032080	E
893	T	0.008057	0.686694	0.260431	0.044818	E
894	S	0.009654	0.730902	0.211565	0.047879	E
895	L	0.009117	0.640538	0.288335	0.062010	E
896	Q	0.084729	0.543532	0.309901	0.061838	E
897	D	0.108767	0.381909	0.437751	0.071573	C
898	G	0.009804	0.315812	0.573190	0.101195	C
899	C	0.052547	0.615028	0.244212	0.088213	E
900	L	0.009073	0.664704	0.263889	0.062334	E
901	I	0.008538	0.617589	0.300456	0.073417	E
902	Y	0.018178	0.754331	0.186464	0.041027	E
903	N	0.009674	0.790016	0.175532	0.024778	E
904	V	0.009540	0.746811	0.216624	0.027025	E
905	K	0.009258	0.790885	0.154312	0.045545	E
906	I	0.009473	0.682427	0.261128	0.046972	E
907	R	0.009687	0.654117	0.283196	0.053000	E
908	G	0.023149	0.617088	0.283680	0.076083	E
909	V	0.085511	0.392310	0.429481	0.092698	C
910	N	0.065825	0.341711	0.509903	0.082561	C
911	F	0.142978	0.155627	0.575673	0.125722	C
912	P	0.176192	0.072872	0.623625	0.127312	C
913	S	0.094885	0.123970	0.661708	0.119437	C
914	N	0.075130	0.175592	0.640726	0.108553	C
915	G	0.161923	0.112010	0.600579	0.125488	C
916	P	0.166989	0.113325	0.600758	0.118928	C
917	V	0.106428	0.232716	0.558318	0.102538	C
918	M	0.117645	0.212557	0.563238	0.106560	C
919	Q	0.170012	0.130928	0.585803	0.113257	C
920	K	0.195828	0.151862	0.547437	0.104873	C
921	K	0.141994	0.195553	0.556159	0.106294	C
922	T	0.142151	0.311212	0.441577	0.105060	C
923	L	0.113488	0.224156	0.548205	0.114151	C
924	G	0.048774	0.250917	0.569797	0.130511	C
925	W	0.043837	0.338649	0.486611	0.130903	C
926	E	0.051139	0.326880	0.500979	0.121003	C
927	A	0.066965	0.246124	0.568250	0.118661	C
928	S	0.166515	0.238664	0.504719	0.090102	C
929	T	0.132377	0.256871	0.519719	0.091032	C
930	E	0.087292	0.439785	0.379455	0.093468	E
931	M	0.003626	0.545336	0.335605	0.115433	E
932	L	0.009766	0.592814	0.312056	0.085364	E
933	Y	0.009584	0.566652	0.325571	0.098194	E
934	P	0.075446	0.495063	0.360439	0.069052	E
935	A	0.028384	0.376085	0.504609	0.090923	C
936	D	0.081648	0.231248	0.591499	0.095605	C
937	E	0.065136	0.286127	0.546697	0.102040	C
938	F	0.009259	0.436055	0.446094	0.108592	C
939	L	0.009425	0.572654	0.349471	0.068450	E
940	E	0.019358	0.627753	0.284523	0.068366	E
941	G	0.200645	0.551619	0.206103	0.041633	E
942	R	0.169648	0.602441	0.185350	0.042561	E
943	S	0.106394	0.616897	0.240425	0.036284	E
944	D	0.250919	0.538767	0.185040	0.025273	E
945	M	0.205570	0.569634	0.188479	0.036317	E
946	A	0.125710	0.691872	0.164042	0.018375	E
947	L	0.053783	0.611030	0.295111	0.040076	E
948	K	0.075361	0.618398	0.254025	0.052216	E
949	L	0.009679	0.502482	0.417619	0.070221	E
950	V	0.086831	0.413872	0.405718	0.093579	E
951	G	0.156109	0.268800	0.479688	0.095402	C
952	G	0.087584	0.265231	0.536559	0.110627	C
953	G	0.002646	0.357829	0.529315	0.110210	C
954	H	0.009444	0.459578	0.427824	0.103155	E
955	L	0.008779	0.687303	0.242098	0.061820	E
956	I	0.008749	0.783701	0.156804	0.050746	E
957	C	0.027250	0.727440	0.156948	0.088362	E
958	N	0.008889	0.672146	0.242928	0.076036	E
959	L	0.009361	0.674310	0.261160	0.055169	E
960	K	0.159569	0.561369	0.239681	0.039381	E
961	T	0.142888	0.520596	0.290681	0.045835	E
962	T	0.229820	0.378464	0.350619	0.041097	E
963	Y	0.168752	0.330111	0.440196	0.060941	C
964	R	0.025514	0.431797	0.465678	0.077012	C
965	S	0.266004	0.080985	0.537122	0.115889	C
966	K	0.198229	0.074048	0.606511	0.121212	C
967	K	0.160447	0.158809	0.549894	0.130849	C
968	P	0.156506	0.047658	0.661556	0.134279	C
969	A	0.181308	0.069065	0.608087	0.141540	C
970	K	0.117635	0.105472	0.611727	0.165166	C
971	N	0.162460	0.077743	0.615921	0.143876	C
972	L	0.000357	0.197141	0.653833	0.148670	C
973	K	0.032402	0.181730	0.617106	0.168762	C
974	M	0.078867	0.143027	0.609616	0.168490	C
975	P	0.031519	0.293595	0.506670	0.168217	C
976	G	0.009879	0.291476	0.541369	0.157276	C
977	V	0.127964	0.192162	0.546302	0.133571	C
978	Y	0.065689	0.367573	0.470905	0.095833	C
979	Y	0.156374	0.537703	0.234702	0.071221	E
980	V	0.083412	0.553488	0.284023	0.079076	E
981	D	0.015406	0.635819	0.289888	0.058888	E
982	R	0.047897	0.766541	0.175664	0.009898	E
983	R	0.150042	0.704931	0.118768	0.026259	E
984	L	0.001282	0.697099	0.260027	0.041592	E
985	E	0.079056	0.642484	0.218130	0.060330	E
986	R	0.016332	0.640058	0.261370	0.082239	E
987	I	0.035366	0.543030	0.350626	0.070978	E
988	K	0.083632	0.408089	0.419456	0.088823	C
989	E	0.137490	0.250687	0.524752	0.087071	C
990	A	0.138287	0.191125	0.559162	0.111427	C
991	D	0.191420	0.119988	0.604061	0.084531	C
992	K	0.258088	0.131032	0.531019	0.079860	C
993	E	0.188543	0.244600	0.492860	0.073997	C
994	T	0.110079	0.327363	0.494120	0.068437	C
995	Y	0.227328	0.430290	0.276411	0.065971	E
996	V	0.243471	0.485934	0.253353	0.017243	E
997	E	0.278853	0.594372	0.116954	0.009821	E
998	Q	0.278017	0.598210	0.101477	0.022295	E
999	H	0.426202	0.371037	0.176660	0.026101	H
1000	E	0.469592	0.409706	0.092517	0.028184	H
1001	V	0.472471	0.312566	0.195574	0.019389	H
1002	A	0.424790	0.386824	0.168525	0.019860	H
1003	V	0.344653	0.374524	0.238050	0.042773	E
1004	A	0.210827	0.430007	0.301789	0.057376	E
1005	R	0.197077	0.329124	0.417400	0.056398	C
1006	Y	0.143319	0.250687	0.531227	0.074766	C
1007	C	0.050157	0.298580	0.542948	0.108315	C
1008	D	0.053548	0.195119	0.628091	0.123241	C
1009	L	0.014657	0.149739	0.690726	0.144878	C
1010	P	0.111462	0.180956	0.577901	0.129681	C
1011	S	0.216107	0.197968	0.464737	0.121188	C
1012	K	0.282084	0.147479	0.452722	0.117716	C
1013	L	0.187859	0.187026	0.492533	0.132582	C
1014	G	0.186265	0.170647	0.513576	0.129512	C
1015	H	0.073873	0.213931	0.578189	0.134007	C
1016	K	0.107679	0.107964	0.615850	0.168507	C
1017	G	0.095655	0.114771	0.624717	0.164857	C
1018	G	0.057186	0.121664	0.665323	0.155826	C
1019	T	0.063889	0.086040	0.685147	0.164923	C
1020	G	0.132940	0.118114	0.614800	0.134146	C
1021	G	0.158231	0.073048	0.632560	0.136161	C
1022	S	0.218642	0.130582	0.550791	0.099985	C
1023	M	0.339049	0.114133	0.460617	0.086201	C
1024	S	0.326442	0.066499	0.519911	0.087149	C
1025	E	0.372077	0.047478	0.484967	0.095479	C
1026	L	0.373185	0.031052	0.519212	0.076551	C
1027	I	0.296165	0.114822	0.486742	0.102271	C
1028	T	0.248218	0.100975	0.521370	0.129437	C
1029	E	0.200394	0.110602	0.566702	0.122302	C
1030	N	0.094753	0.146923	0.630201	0.128123	C
1031	M	0.074024	0.316704	0.500490	0.108783	C
1032	H	0.009486	0.521043	0.375432	0.094039	E
1033	M	0.009279	0.652078	0.270737	0.067906	E
1034	K	0.008645	0.855830	0.081031	0.054494	E
1035	L	0.009002	0.817973	0.122825	0.050200	E
1036	Y	0.009345	0.922168	0.041019	0.027468	E
1037	M	0.009274	0.804629	0.157003	0.029094	E
1038	E	0.104296	0.707747	0.144474	0.043483	E
1039	G	0.009382	0.614108	0.283022	0.093489	E
1040	T	0.034984	0.439157	0.429804	0.096055	E
1041	V	0.009461	0.458417	0.452385	0.079737	E
1042	N	0.058589	0.295691	0.569543	0.076177	C
1043	N	0.014415	0.274886	0.596337	0.114362	C
1044	H	0.034090	0.381670	0.506250	0.077990	C
1045	H	0.023916	0.430715	0.425435	0.119933	E
1046	F	0.008698	0.679058	0.256156	0.056087	E
1047	K	0.009839	0.883446	0.058013	0.048702	E
1048	C	0.008890	0.880719	0.052142	0.058249	E
1049	T	0.037885	0.807363	0.093112	0.061641	E
1050	S	0.008655	0.647547	0.238302	0.105496	E
1051	E	0.009775	0.548243	0.327587	0.114395	E
1052	G	0.009730	0.469539	0.430315	0.090415	E
1053	E	0.005321	0.458870	0.400627	0.135183	E
1054	G	0.126337	0.322918	0.432297	0.118448	C
1055	K	0.009544	0.400022	0.464012	0.126423	C
1056	P	0.070833	0.250582	0.539413	0.139172	C
1057	Y	0.030061	0.266093	0.552206	0.151640	C
1058	E	0.028184	0.237278	0.598232	0.136306	C
1059	G	0.160342	0.316822	0.414157	0.108679	C
1060	T	0.002371	0.533508	0.379531	0.084590	E
1061	Q	0.109548	0.573571	0.269108	0.047774	E
1062	T	0.090620	0.603050	0.243171	0.063159	E
1063	M	0.020476	0.722121	0.202576	0.054827	E
1064	R	0.009656	0.682649	0.248277	0.059418	E
1065	I	0.009111	0.742125	0.199080	0.049684	E
1066	K	0.045469	0.806364	0.112851	0.035316	E
1067	V	0.007171	0.765072	0.184407	0.043350	E
1068	V	0.009880	0.598182	0.315185	0.076754	E
1069	E	0.132216	0.334056	0.451493	0.082235	C
1070	G	0.092786	0.221692	0.543593	0.141929	C
1071	G	0.009697	0.293940	0.537517	0.158846	C
1072	P	0.142017	0.266210	0.468857	0.122915	C
1073	L	0.009328	0.283549	0.563475	0.143649	C
1074	P	0.009598	0.313276	0.562810	0.114316	C
1075	F	0.126277	0.342635	0.426546	0.104543	C
1076	A	0.047389	0.340394	0.509672	0.102545	C
1077	F	0.243033	0.318207	0.371887	0.066873	C
1078	D	0.432766	0.150134	0.364889	0.052211	H
1079	I	0.313129	0.295042	0.332334	0.059496	C
1080	L	0.228744	0.363079	0.351234	0.056942	E
1081	A	0.300102	0.228462	0.418004	0.053431	C
1082	T	0.298933	0.164109	0.477707	0.059251	C
1083	S	0.238631	0.230924	0.478015	0.052429	C
1084	F	0.291257	0.250453	0.414458	0.043832	C
1085	S	0.180783	0.233030	0.542603	0.043585	C
1086	K	0.237377	0.252028	0.418802	0.091794	C
1087	T	0.221117	0.381289	0.347795	0.049799	E
1088	F	0.135115	0.376298	0.412972	0.075615	C
1089	I	0.132597	0.315651	0.483600	0.068152	C
1090	N	0.170572	0.272884	0.468425	0.088120	C
1091	H	0.051936	0.250378	0.593217	0.104469	C
1092	T	0.110806	0.178310	0.608384	0.102500	C
1093	Q	0.225683	0.096955	0.592747	0.084615	C
1094	G	0.207991	0.009570	0.687347	0.095092	C
1095	I	0.196229	0.071754	0.623704	0.108313	C
1096	P	0.322201	0.116889	0.478438	0.082472	C
1097	D	0.514013	0.016340	0.403097	0.066549	H
1098	F	0.638135	0.061632	0.273551	0.026682	H
1099	F	0.665731	0.080257	0.207373	0.046639	H
1100	K	0.597874	0.137701	0.225544	0.038881	H
1101	Q	0.528520	0.088861	0.322901	0.059718	H
1102	S	0.389543	0.211212	0.342218	0.057027	H
1103	F	0.233926	0.178928	0.509909	0.077238	C
1104	P	0.207325	0.146431	0.532003	0.114241	C
1105	E	0.161380	0.141144	0.548709	0.148766	C
1106	G	0.126579	0.218436	0.536077	0.118908	C
1107	F	0.009813	0.271685	0.624186	0.094316	C
1108	T	0.104833	0.468972	0.354657	0.071538	E
1109	W	0.009505	0.623122	0.286450	0.080923	E
1110	E	0.009566	0.757791	0.199988	0.032654	E
1111	R	0.008849	0.631572	0.327629	0.031950	E
1112	V	0.009235	0.655365	0.261191	0.074209	E
1113	T	0.009568	0.737188	0.195251	0.057992	E
1114	T	0.009884	0.632372	0.289202	0.068541	E
1115	Y	0.050498	0.473599	0.369232	0.106671	E
1116	E	0.126410	0.340396	0.437960	0.095234	C
1117	D	0.115766	0.301358	0.485821	0.097055	C
1118	G	0.130598	0.224438	0.560821	0.084143	C
1119	G	0.009807	0.434367	0.461683	0.094142	C
1120	V	0.009645	0.649514	0.276556	0.064284	E
1121	L	0.041817	0.741249	0.177163	0.039771	E
1122	T	0.009596	0.688451	0.242917	0.059037	E
1123	A	0.012972	0.673138	0.269765	0.044124	E
1124	T	0.103024	0.633135	0.209261	0.054581	E
1125	Q	0.051957	0.596227	0.306372	0.045444	E
1126	D	0.084602	0.613618	0.262814	0.038966	E
1127	T	0.001296	0.680163	0.268989	0.049553	E
1128	S	0.009564	0.708026	0.231097	0.051312	E
1129	L	0.008969	0.628794	0.296588	0.065650	E
1130	Q	0.068737	0.533849	0.330537	0.066877	E
1131	D	0.094799	0.365297	0.460440	0.079464	C
1132	G	0.009900	0.300926	0.584938	0.104235	C
1133	C	0.041950	0.605313	0.268876	0.083861	E
1134	L	0.009080	0.650328	0.273466	0.067126	E
1135	I	0.008546	0.607955	0.310350	0.073149	E
1136	Y	0.021435	0.734037	0.211332	0.033197	E
1137	N	0.009782	0.791702	0.180011	0.018505	E
1138	V	0.009358	0.776150	0.190286	0.024206	E
1139	K	0.009460	0.824443	0.123764	0.042332	E
1140	I	0.009109	0.702189	0.241269	0.047433	E
1141	R	0.009538	0.677756	0.259648	0.053057	E
1142	G	0.004164	0.650183	0.269620	0.076033	E
1143	V	0.096562	0.391569	0.420253	0.091616	C
1144	N	0.079013	0.327266	0.509905	0.083816	C
1145	F	0.137611	0.157045	0.576793	0.128550	C
1146	P	0.180140	0.075343	0.616801	0.127716	C
1147	S	0.092883	0.117115	0.670405	0.119597	C
1148	N	0.069874	0.176876	0.643766	0.109484	C
1149	G	0.152077	0.109878	0.611932	0.126113	C
1150	P	0.151546	0.111220	0.614221	0.123013	C
1151	V	0.089672	0.227995	0.575713	0.106620	C
1152	M	0.093575	0.218423	0.576810	0.111193	C
1153	Q	0.151355	0.137536	0.592423	0.118686	C
1154	K	0.208523	0.129891	0.561075	0.100510	C
1155	K	0.151875	0.197932	0.545832	0.104362	C
1156	T	0.158316	0.281063	0.456696	0.103925	C
1157	L	0.120067	0.221234	0.540275	0.118424	C
1158	G	0.047458	0.248729	0.573355	0.130459	C
1159	W	0.052173	0.356673	0.468691	0.122462	C
1160	E	0.036752	0.342441	0.505505	0.115303	C
1161	A	0.049088	0.263687	0.573352	0.113873	C
1162	S	0.132215	0.269832	0.511809	0.086144	C
1163	T	0.135496	0.284118	0.489427	0.090960	C
1164	E	0.121492	0.449546	0.343921	0.085041	E
1165	M	0.023401	0.542380	0.318077	0.116142	E
1166	L	0.009689	0.604377	0.301584	0.084349	E
1167	Y	0.009490	0.579793	0.315976	0.094741	E
1168	P	0.078829	0.488901	0.365998	0.066272	E
1169	A	0.022730	0.378986	0.507466	0.090817	C
1170	D	0.063006	0.232386	0.604286	0.100322	C
1171	E	0.057865	0.286882	0.558339	0.096914	C
1172	F	0.009411	0.430995	0.452126	0.107468	C
1173	L	0.009453	0.560404	0.363186	0.066956	E
1174	E	0.038073	0.612809	0.278328	0.070790	E
1175	G	0.211650	0.532238	0.212321	0.043791	E
1176	R	0.173462	0.579107	0.203042	0.044389	E
1177	S	0.125661	0.582089	0.254639	0.037611	E
1178	D	0.270018	0.515176	0.184865	0.029942	E
1179	M	0.216162	0.548967	0.201021	0.033850	E
1180	A	0.139579	0.688850	0.156407	0.015164	E
1181	L	0.034015	0.630665	0.295004	0.040316	E
1182	K	0.072031	0.623350	0.248158	0.056461	E
1183	L	0.009742	0.505477	0.411342	0.073440	E
1184	V	0.088321	0.413852	0.407508	0.090319	E
1185	G	0.145833	0.271240	0.486149	0.096778	C
1186	G	0.095179	0.253685	0.540835	0.110301	C
1187	G	0.002232	0.366194	0.519248	0.112326	C
1188	H	0.009622	0.448256	0.436626	0.105496	E
1189	L	0.008945	0.678618	0.248961	0.063476	E
1190	I	0.008930	0.772563	0.162638	0.055869	E
1191	C	0.052698	0.716698	0.145291	0.085312	E
1192	N	0.008989	0.671784	0.248048	0.071179	E
1193	L	0.009823	0.662722	0.273420	0.054036	E
1194	K	0.185064	0.503172	0.262270	0.049493	E
1195	T	0.177575	0.498753	0.278796	0.044877	E
1196	T	0.220538	0.368397	0.380415	0.030649	C
1197	Y	0.187262	0.335006	0.424183	0.053548	C
1198	R	0.024622	0.415850	0.502612	0.056917	C
1199	S	0.212213	0.119197	0.551767	0.116824	C
1200	K	0.178744	0.088157	0.617662	0.115437	C
1201	K	0.142993	0.178792	0.547325	0.130890	C
1202	P	0.160511	0.061759	0.643731	0.133998	C
1203	A	0.178440	0.088306	0.586104	0.147150	C
1204	K	0.115862	0.108897	0.610388	0.164854	C
1205	N	0.165781	0.072915	0.616047	0.145257	C
1206	L	0.006762	0.188653	0.655330	0.149255	C
1207	K	0.035304	0.164465	0.629966	0.170265	C
1208	M	0.086675	0.124122	0.618018	0.171185	C
1209	P	0.033593	0.288846	0.508678	0.168883	C
1210	G	0.009850	0.284222	0.547451	0.158476	C
1211	V	0.121641	0.184756	0.560055	0.133547	C
1212	Y	0.056809	0.356296	0.490087	0.096808	C
1213	Y	0.141660	0.519986	0.263875	0.074479	E
1214	V	0.109166	0.531527	0.284400	0.074906	E
1215	D	0.011485	0.626184	0.299158	0.063173	E
1216	R	0.044696	0.758718	0.186714	0.009872	E
1217	R	0.151270	0.662940	0.158921	0.026869	E
1218	L	0.009869	0.666012	0.278910	0.045209	E
1219	E	0.061546	0.658961	0.215519	0.063974	E
1220	R	0.009824	0.640669	0.260213	0.089294	E
1221	I	0.018649	0.529097	0.376517	0.075736	E
1222	K	0.096294	0.377189	0.435967	0.090550	C
1223	E	0.123952	0.253327	0.530780	0.091941	C
1224	A	0.140741	0.182431	0.566980	0.109848	C
1225	D	0.204478	0.125144	0.590895	0.079483	C
1226	K	0.256345	0.141936	0.523907	0.077813	C
1227	E	0.176965	0.246983	0.501284	0.074768	C
1228	T	0.110636	0.326834	0.492426	0.070104	C
1229	Y	0.173195	0.464764	0.289803	0.072238	E
1230	V	0.201247	0.523854	0.259944	0.014955	E
1231	E	0.272218	0.606081	0.111858	0.009843	E
1232	Q	0.272150	0.582135	0.118833	0.026881	E
1233	H	0.434299	0.376824	0.171167	0.017709	H
1234	E	0.491990	0.417156	0.067014	0.023840	H
1235	V	0.496256	0.302583	0.181814	0.019347	H
1236	A	0.433077	0.379184	0.166106	0.021633	H
1237	V	0.355283	0.366164	0.238868	0.039685	E
1238	A	0.228998	0.410409	0.300443	0.060149	E
1239	R	0.177551	0.316899	0.439985	0.065565	C
1240	Y	0.093262	0.275445	0.549839	0.081453	C
1241	C	0.064363	0.277199	0.547537	0.110901	C
1242	D	0.051696	0.210429	0.615544	0.122331	C
1243	L	0.045728	0.166343	0.648424	0.139505	C
1244	P	0.129026	0.194185	0.551520	0.125270	C
1245	S	0.245490	0.186417	0.448865	0.119228	C
1246	K	0.288222	0.121069	0.473421	0.117288	C
1247	L	0.166550	0.199865	0.496089	0.137495	C
1248	G	0.152846	0.156620	0.552285	0.138249	C
1249	H	0.084352	0.174506	0.610725	0.130418	C
1250	K	0.124085	0.092811	0.617164	0.165940	C
1251	G	0.135913	0.112377	0.598744	0.152966	C
1252	G	0.092366	0.090901	0.672646	0.144087	C
1253	T	0.159097	0.065227	0.629279	0.146397	C
1254	G	0.269184	0.086606	0.536225	0.107984	C
1255	G	0.270768	0.058164	0.563605	0.107463	C
1256	S	0.345080	0.070346	0.508270	0.076303	C
1257	M	0.432680	0.095646	0.395639	0.076035	H
1258	S	0.436893	0.053342	0.433301	0.076464	H
1259	E	0.480113	0.009817	0.443329	0.066741	H
1260	L	0.448396	0.009840	0.491015	0.050750	C
1261	I	0.350186	0.118927	0.453025	0.077863	C
1262	T	0.297003	0.106873	0.492648	0.103475	C
1263	E	0.233608	0.113368	0.554911	0.098114	C
1264	N	0.156201	0.144734	0.598214	0.100851	C
1265	M	0.092828	0.294896	0.517943	0.094333	C
1266	H	0.009811	0.528326	0.372028	0.089835	E
1267	M	0.009698	0.690228	0.238494	0.061580	E
1268	K	0.008741	0.841623	0.092180	0.057456	E
1269	L	0.009126	0.801021	0.139098	0.050756	E
1270	Y	0.009369	0.910354	0.050837	0.029440	E
1271	M	0.009263	0.793688	0.166625	0.030424	E
1272	E	0.103201	0.703662	0.148868	0.044269	E
1273	G	0.009375	0.610384	0.287482	0.092760	E
1274	T	0.034082	0.440762	0.429657	0.095498	E
1275	V	0.009453	0.452538	0.461121	0.076888	C
1276	N	0.049651	0.286240	0.589800	0.074309	C
1277	N	0.003427	0.292516	0.589956	0.114101	C
1278	H	0.019078	0.398689	0.498889	0.083344	C
1279	H	0.017821	0.451450	0.413141	0.117588	E
1280	F	0.008373	0.648725	0.276806	0.066096	E
1281	K	0.009533	0.875362	0.065511	0.049594	E
1282	C	0.008897	0.871733	0.060656	0.058714	E
1283	T	0.038601	0.834888	0.072422	0.054089	E
1284	S	0.008694	0.661154	0.227718	0.102434	E
1285	E	0.009850	0.579181	0.301383	0.109586	E
1286	G	0.009859	0.497250	0.402213	0.090678	E
1287	E	0.010215	0.464740	0.390979	0.134065	E
1288	G	0.128803	0.334046	0.419754	0.117397	C
1289	K	0.009602	0.404441	0.457107	0.128850	C
1290	P	0.066263	0.253833	0.536495	0.143409	C
1291	Y	0.027354	0.262158	0.554142	0.156346	C
1292	E	0.014743	0.239486	0.607569	0.138203	C
1293	G	0.156941	0.315370	0.417631	0.110058	C
1294	T	0.009807	0.534459	0.372293	0.083441	E
1295	Q	0.099452	0.584335	0.267783	0.048430	E
1296	T	0.085696	0.620993	0.231007	0.062304	E
1297	M	0.012649	0.736177	0.197071	0.054103	E
1298	R	0.009696	0.691159	0.242507	0.056638	E
1299	I	0.009124	0.746128	0.195761	0.048988	E
1300	K	0.043531	0.812221	0.108689	0.035559	E
1301	V	0.007968	0.764344	0.184261	0.043427	E
1302	V	0.001036	0.601706	0.318318	0.078941	E
1303	E	0.130894	0.336778	0.449951	0.082378	C
1304	G	0.084139	0.226205	0.545753	0.143902	C
1305	G	0.009773	0.292251	0.538045	0.159932	C
1306	P	0.149091	0.264940	0.460205	0.125764	C
1307	L	0.009390	0.288466	0.559394	0.142750	C
1308	P	0.009536	0.316032	0.562129	0.112303	C
1309	F	0.124579	0.343892	0.426169	0.105360	C
1310	A	0.044709	0.339151	0.512154	0.103985	C
1311	F	0.245524	0.314731	0.372597	0.067149	C
1312	D	0.439476	0.146251	0.361917	0.052356	H
1313	I	0.309899	0.289219	0.339703	0.061180	C
1314	L	0.237728	0.359719	0.348113	0.054439	E
1315	A	0.303271	0.226908	0.416838	0.052983	C
1316	T	0.304260	0.156631	0.476428	0.062682	C
1317	S	0.253943	0.220936	0.471895	0.053226	C
1318	F	0.294419	0.245688	0.414802	0.045091	C
1319	S	0.183790	0.224788	0.547104	0.044319	C
1320	K	0.237642	0.243293	0.427346	0.091719	C
1321	T	0.223859	0.374624	0.351936	0.049580	E
1322	F	0.134467	0.375906	0.413776	0.075852	C
1323	I	0.130602	0.318535	0.483100	0.067763	C
1324	N	0.169601	0.274088	0.467919	0.088392	C
1325	H	0.047761	0.250479	0.596458	0.105302	C
1326	T	0.106386	0.180250	0.611115	0.102249	C
1327	Q	0.224283	0.094100	0.596497	0.085121	C
1328	G	0.201308	0.009635	0.692892	0.096165	C
1329	I	0.190180	0.076505	0.624957	0.108358	C
1330	P	0.316640	0.123775	0.478162	0.081423	C
1331	D	0.545594	0.012010	0.384556	0.057839	H
1332	F	0.636687	0.068945	0.266977	0.027391	H
1333	F	0.681451	0.080733	0.193469	0.044347	H
1334	K	0.582437	0.127833	0.245830	0.043900	H
1335	Q	0.514615	0.085203	0.341615	0.058567	H
1336	S	0.381700	0.213507	0.350519	0.054273	H
1337	F	0.232491	0.175378	0.513618	0.078514	C
1338	P	0.207741	0.144809	0.531934	0.115515	C
1339	E	0.163743	0.137771	0.548841	0.149645	C
1340	G	0.127217	0.219110	0.534095	0.119578	C
1341	F	0.009766	0.272065	0.623716	0.094453	C
1342	T	0.100536	0.471777	0.355049	0.072638	E
1343	W	0.009501	0.621100	0.288103	0.081296	E
1344	E	0.009549	0.752545	0.203952	0.033953	E
1345	R	0.008815	0.626519	0.331562	0.033104	E
1346	V	0.009208	0.651606	0.262583	0.076602	E
1347	T	0.009580	0.729788	0.200312	0.060319	E
1348	T	0.009856	0.616930	0.301867	0.071347	E
1349	Y	0.049986	0.459910	0.386826	0.103278	E
1350	E	0.136878	0.312556	0.454965	0.095602	C
1351	D	0.103890	0.284152	0.514250	0.097708	C
1352	G	0.111136	0.213051	0.588166	0.087648	C
1353	G	0.009666	0.427206	0.468045	0.095083	C
1354	V	0.009546	0.642520	0.281084	0.066850	E
1355	L	0.026710	0.754692	0.177121	0.041476	E
1356	T	0.009566	0.699887	0.231995	0.058552	E
1357	A	0.009893	0.676067	0.266999	0.047040	E
1358	T	0.090002	0.652571	0.205200	0.052227	E
1359	Q	0.050648	0.601093	0.304362	0.043897	E
1360	D	0.083148	0.627739	0.256533	0.032580	E
1361	T	0.008563	0.684423	0.262329	0.044685	E
1362	S	0.009600	0.719987	0.221584	0.048829	E
1363	L	0.009062	0.634922	0.292585	0.063431	E
1364	Q	0.072242	0.535863	0.327791	0.064103	E
1365	D	0.107132	0.372565	0.445492	0.074810	C
1366	G	0.009684	0.312966	0.575037	0.102314	C
1367	C	0.057539	0.603887	0.250357	0.088218	E
1368	L	0.009023	0.664380	0.262856	0.063740	E
1369	I	0.008543	0.608123	0.309516	0.073818	E
1370	Y	0.028009	0.748271	0.184266	0.039454	E
1371	N	0.009616	0.791703	0.173839	0.024842	E
1372	V	0.009513	0.751152	0.211473	0.027862	E
1373	K	0.009311	0.797191	0.147348	0.046150	E
1374	I	0.009406	0.684582	0.259892	0.046120	E
1375	R	0.009687	0.662907	0.274668	0.052739	E
1376	G	0.014103	0.633719	0.276162	0.076016	E
1377	V	0.085696	0.397572	0.422481	0.094252	C
1378	N	0.063646	0.346399	0.504444	0.085511	C
1379	F	0.139346	0.160406	0.573175	0.127073	C
1380	P	0.177245	0.072941	0.623028	0.126786	C
1381	S	0.093765	0.119600	0.665878	0.120757	C
1382	N	0.069493	0.174106	0.645916	0.110485	C
1383	G	0.151173	0.109600	0.611302	0.127925	C
1384	P	0.151980	0.121844	0.603600	0.122576	C
1385	V	0.082618	0.244430	0.567925	0.105026	C
1386	M	0.092021	0.225908	0.573901	0.108169	C
1387	Q	0.138782	0.151076	0.592708	0.117434	C
1388	K	0.207445	0.142075	0.551118	0.099362	C
1389	K	0.126375	0.214036	0.552728	0.106860	C
1390	T	0.131932	0.315219	0.447363	0.105486	C
1391	L	0.102038	0.239328	0.539636	0.118997	C
1392	G	0.032049	0.270099	0.564844	0.133008	C
1393	W	0.037288	0.358501	0.477113	0.127097	C
1394	E	0.035426	0.348007	0.500835	0.115731	C
1395	A	0.039898	0.262735	0.578551	0.118815	C
1396	S	0.107917	0.283923	0.519387	0.088774	C
1397	T	0.123833	0.293177	0.489361	0.093629	C
1398	E	0.098390	0.468774	0.347596	0.085240	E
1399	M	0.022690	0.542553	0.318081	0.116676	E
1400	L	0.009778	0.610426	0.297275	0.082521	E
1401	Y	0.009491	0.583499	0.313095	0.093915	E
1402	P	0.067957	0.505522	0.362594	0.063927	E
1403	A	0.034405	0.384165	0.495561	0.085869	C
1404	D	0.066066	0.235129	0.599109	0.099696	C
1405	E	0.050285	0.286428	0.564883	0.098404	C
1406	F	0.009321	0.425037	0.459196	0.106447	C
1407	L	0.009583	0.551381	0.369562	0.069475	E
1408	E	0.042558	0.597745	0.290168	0.069529	E
1409	G	0.210206	0.523375	0.223979	0.042440	E
1410	R	0.170347	0.571149	0.214749	0.043754	E
1411	S	0.120206	0.577843	0.263440	0.038510	E
1412	D	0.262648	0.514786	0.192144	0.030421	E
1413	M	0.206160	0.562545	0.197880	0.033415	E
1414	A	0.133234	0.697566	0.154307	0.014894	E
1415	L	0.024435	0.649175	0.287185	0.039206	E
1416	K	0.056527	0.646335	0.241352	0.055786	E
1417	L	0.009696	0.517885	0.401757	0.070663	E
1418	V	0.085500	0.413837	0.409448	0.091215	E
1419	G	0.142319	0.268369	0.492525	0.096787	C
1420	G	0.097704	0.256744	0.535423	0.110128	C
1421	G	0.009783	0.370780	0.510313	0.109125	C
1422	H	0.009384	0.468917	0.417363	0.104335	E
1423	L	0.008911	0.684061	0.245235	0.061792	E
1424	I	0.008853	0.763486	0.172579	0.055082	E
1425	C	0.019004	0.735110	0.156047	0.089839	E
1426	N	0.008881	0.669585	0.246389	0.075145	E
1427	L	0.009281	0.689277	0.248551	0.052891	E
1428	K	0.130135	0.603969	0.223739	0.042157	E
1429	T	0.086343	0.538159	0.327788	0.047710	E
1430	T	0.194054	0.448551	0.324559	0.032836	E
1431	Y	0.152122	0.406079	0.389080	0.052718	E
1432	R	0.045586	0.445093	0.435012	0.074310	E
1433	S	0.242812	0.113043	0.526744	0.117401	C
1434	K	0.193527	0.086287	0.602679	0.117508	C
1435	K	0.162195	0.150349	0.558566	0.128890	C
1436	P	0.164225	0.058169	0.647263	0.130343	C
1437	A	0.190823	0.079648	0.591488	0.138041	C
1438	K	0.125798	0.107834	0.606938	0.159430	C
1439	N	0.163640	0.084426	0.613162	0.138772	C
1440	L	0.000213	0.204570	0.650935	0.144282	C
1441	K	0.031474	0.178304	0.624909	0.165312	C
1442	M	0.080268	0.131626	0.619701	0.168405	C
1443	P	0.028765	0.293345	0.513978	0.163913	C
1444	G	0.001874	0.287741	0.549452	0.160933	C
1445	V	0.142561	0.166211	0.558101	0.133127	C
1446	Y	0.066858	0.347960	0.485864	0.099318	C
1447	Y	0.150704	0.520535	0.252694	0.076067	E
1448	V	0.129924	0.512801	0.278503	0.078772	E
1449	D	0.009534	0.636156	0.285856	0.068454	E
1450	R	0.047042	0.785214	0.163016	0.004728	E
1451	R	0.158024	0.662729	0.160236	0.019011	E
1452	L	0.003486	0.648328	0.305902	0.042284	E
1453	E	0.095243	0.627807	0.214335	0.062615	E
1454	R	0.004964	0.648101	0.262582	0.084353	E
1455	I	0.055115	0.533178	0.337539	0.074169	E
1456	K	0.076689	0.433267	0.400789	0.089255	E
1457	E	0.120752	0.284113	0.502946	0.092189	C
1458	A	0.120159	0.192104	0.572114	0.115623	C
1459	D	0.193704	0.120897	0.607104	0.078295	C
1460	K	0.262649	0.138837	0.527230	0.071284	C
1461	E	0.167697	0.240516	0.516310	0.075477	C
1462	T	0.113949	0.298833	0.519177	0.068042	C
1463	Y	0.240110	0.390526	0.305280	0.064084	E
1464	V	0.231759	0.454551	0.288800	0.024890	E
1465	E	0.284325	0.551599	0.160792	0.003284	E
1466	Q	0.289332	0.562490	0.123876	0.024302	E
1467	H	0.459056	0.326490	0.180967	0.033488	H
1468	E	0.502023	0.369339	0.091205	0.037433	H
1469	V	0.517954	0.273750	0.186721	0.021575	H
1470	A	0.446665	0.356177	0.174609	0.022549	H
1471	V	0.357492	0.342500	0.263877	0.036131	H
1472	A	0.209201	0.371239	0.359331	0.060229	E
1473	R	0.188244	0.291578	0.449501	0.070677	C
1474	Y	0.106412	0.251909	0.557812	0.083868	C
1475	C	0.072171	0.241009	0.569827	0.116992	C
1476	D	0.037609	0.206673	0.626039	0.129678	C
1477	L	0.053907	0.148615	0.650833	0.146646	C
1478	P	0.146826	0.181553	0.542182	0.129440	C
1479	S	0.302012	0.162529	0.419852	0.115607	C
1480	K	0.346704	0.113510	0.431615	0.108170	C
1481	L	0.242195	0.166703	0.466146	0.124956	C
1482	G	0.245504	0.124493	0.511724	0.118279	C
1483	H	0.172434	0.172718	0.531757	0.123091	C
1484	K	0.154558	0.081074	0.612862	0.151506	C
1485	G	0.135510	0.089256	0.615029	0.160205	C
1486	G	0.085064	0.089736	0.677766	0.147434	C
1487	T	0.149476	0.090820	0.620706	0.138998	C
1488	G	0.222608	0.107905	0.543142	0.126345	C
1489	G	0.194986	0.070636	0.599978	0.134400	C
1490	S	0.276348	0.117095	0.513641	0.092916	C
1491	M	0.345015	0.138041	0.436913	0.080031	C
1492	S	0.429002	0.082922	0.415502	0.072574	H
1493	E	0.411318	0.124829	0.385580	0.078274	H
1494	L	0.403108	0.100648	0.434264	0.061979	C
1495	I	0.339575	0.151009	0.432523	0.076892	C
1496	T	0.252755	0.133600	0.501140	0.112504	C
1497	E	0.204764	0.115545	0.564145	0.115546	C
1498	N	0.102290	0.172840	0.602950	0.121920	C
1499	M	0.075787	0.314735	0.498882	0.110596	C
1500	H	0.009511	0.521911	0.370293	0.098285	E
1501	M	0.009531	0.673650	0.247148	0.069671	E
1502	K	0.008579	0.839873	0.090531	0.061016	E
1503	L	0.009092	0.801774	0.138367	0.050767	E
1504	Y	0.009373	0.915773	0.046366	0.028487	E
1505	M	0.009282	0.796084	0.165520	0.029115	E
1506	E	0.109701	0.703111	0.143776	0.043412	E
1507	G	0.009408	0.612703	0.283210	0.094679	E
1508	T	0.039815	0.437537	0.427112	0.095537	E
1509	V	0.009469	0.457221	0.452979	0.080332	E
1510	N	0.057893	0.290673	0.575642	0.075792	C
1511	N	0.011598	0.292461	0.584055	0.111886	C
1512	H	0.029752	0.409689	0.484673	0.075886	C
1513	H	0.017399	0.432717	0.431402	0.118481	E
1514	F	0.008667	0.670416	0.261556	0.059361	E
1515	K	0.009836	0.880826	0.060136	0.049202	E
1516	C	0.008881	0.878525	0.053605	0.058988	E
1517	T	0.035160	0.808010	0.096738	0.060092	E
1518	S	0.008685	0.649299	0.236211	0.105804	E
1519	E	0.009768	0.567088	0.311139	0.112005	E
1520	G	0.009755	0.486142	0.412328	0.091775	E
1521	E	0.006671	0.459499	0.399396	0.134434	E
1522	G	0.125789	0.326785	0.430090	0.117336	C
1523	K	0.009561	0.399481	0.464563	0.126394	C
1524	P	0.071968	0.250175	0.538330	0.139527	C
1525	Y	0.030614	0.264617	0.552596	0.152172	C
1526	E	0.030270	0.235961	0.597541	0.136228	C
1527	G	0.163405	0.316424	0.412117	0.108054	C
1528	T	0.004121	0.532211	0.379105	0.084563	E
1529	Q	0.110002	0.573139	0.269003	0.047856	E
1530	T	0.093201	0.600976	0.242715	0.063109	E
1531	M	0.021139	0.721412	0.203364	0.054085	E
1532	R	0.009651	0.680371	0.250462	0.059516	E
1533	I	0.009107	0.740394	0.200268	0.050232	E
1534	K	0.045347	0.806369	0.113027	0.035258	E
1535	V	0.007923	0.764932	0.183988	0.043158	E
1536	V	0.010390	0.598846	0.314213	0.076551	E
1537	E	0.131795	0.334817	0.451336	0.082052	C
1538	G	0.092550	0.221655	0.543916	0.141880	C
1539	G	0.009695	0.293680	0.537809	0.158816	C
1540	P	0.141544	0.266295	0.469313	0.122847	C
1541	L	0.009326	0.283361	0.563676	0.143638	C
1542	P	0.009596	0.312959	0.563093	0.114353	C
1543	F	0.125899	0.342766	0.426724	0.104611	C
1544	A	0.046938	0.340266	0.510146	0.102650	C
1545	F	0.242527	0.318245	0.372209	0.067019	C
1546	D	0.428691	0.152051	0.366416	0.052843	H
1547	I	0.309966	0.297270	0.333030	0.059733	C
1548	L	0.225328	0.366534	0.351465	0.056673	E
1549	A	0.296516	0.231002	0.418779	0.053704	C
1550	T	0.296067	0.167671	0.476700	0.059562	C
1551	S	0.240024	0.228540	0.478684	0.052751	C
1552	F	0.292024	0.248141	0.415049	0.044787	C
1553	S	0.183552	0.229673	0.542972	0.043803	C
1554	K	0.240154	0.248052	0.420464	0.091330	C
1555	T	0.226227	0.377443	0.347081	0.049249	E
1556	F	0.137948	0.374849	0.411745	0.075457	C
1557	I	0.134598	0.314459	0.482293	0.068650	C
1558	N	0.172050	0.273650	0.466263	0.088038	C
1559	H	0.052207	0.251463	0.591778	0.104552	C
1560	T	0.110185	0.178676	0.608286	0.102853	C
1561	Q	0.225647	0.097393	0.591874	0.085087	C
1562	G	0.207638	0.009588	0.687311	0.095463	C
1563	I	0.194740	0.074233	0.622584	0.108443	C
1564	P	0.318428	0.118610	0.479837	0.083125	C
1565	D	0.510078	0.015400	0.407406	0.067115	H
1566	F	0.636376	0.060691	0.276244	0.026689	H
1567	F	0.661747	0.080998	0.210077	0.047179	H
1568	K	0.594133	0.138439	0.227933	0.039494	H
1569	Q	0.525908	0.090830	0.323377	0.059886	H
1570	S	0.387370	0.210548	0.344583	0.057499	H
1571	F	0.231376	0.179414	0.511294	0.077916	C
1572	P	0.205417	0.145328	0.534187	0.115068	C
1573	E	0.159418	0.140479	0.550947	0.149156	C
1574	G	0.126095	0.216496	0.538438	0.118970	C
1575	F	0.009777	0.268997	0.626843	0.094383	C
1576	T	0.098544	0.470304	0.358312	0.072839	E
1577	W	0.009495	0.624528	0.285441	0.080537	E
1578	E	0.009546	0.754774	0.202596	0.033084	E
1579	R	0.008804	0.629186	0.329532	0.032479	E
1580	V	0.009211	0.652812	0.263256	0.074721	E
1581	T	0.009548	0.734283	0.196500	0.059670	E
1582	T	0.009863	0.626914	0.293458	0.069765	E
1583	Y	0.048132	0.469479	0.374146	0.108243	E
1584	E	0.127231	0.333447	0.443301	0.096021	C
1585	D	0.113850	0.300078	0.488345	0.097727	C
1586	G	0.130414	0.226198	0.558388	0.085000	C
1587	G	0.009788	0.436849	0.459168	0.094195	C
1588	V	0.009644	0.649075	0.276743	0.064538	E
1589	L	0.041584	0.738424	0.179284	0.040709	E
1590	T	0.009583	0.686156	0.244776	0.059485	E
1591	A	0.020379	0.667943	0.268374	0.043305	E
1592	T	0.105119	0.629976	0.210882	0.054023	E
1593	Q	0.057715	0.594656	0.303156	0.044473	E
1594	D	0.088724	0.609723	0.262260	0.039293	E
1595	T	0.006523	0.679245	0.265899	0.048333	E
1596	S	0.009596	0.710464	0.231096	0.048845	E
1597	L	0.009001	0.635074	0.290781	0.065144	E
1598	Q	0.067654	0.535844	0.329277	0.067225	E
1599	D	0.097010	0.368124	0.456109	0.078757	C
1600	G	0.009823	0.307556	0.577897	0.104724	C
1601	C	0.040824	0.608955	0.265282	0.084939	E
1602	L	0.009054	0.653500	0.270448	0.066997	E
1603	I	0.008529	0.610088	0.308494	0.072890	E
1604	Y	0.021637	0.736247	0.208492	0.033624	E
1605	N	0.009763	0.793187	0.178260	0.018790	E
1606	V	0.009366	0.777667	0.187974	0.024993	E
1607	K	0.009494	0.824210	0.123544	0.042752	E
1608	I	0.009100	0.700167	0.243245	0.047488	E
1609	R	0.009575	0.677890	0.259169	0.053366	E
1610	G	0.009898	0.646327	0.267376	0.076399	E
1611	V	0.095360	0.394134	0.417774	0.092732	C
1612	N	0.070038	0.333543	0.511168	0.085250	C
1613	F	0.130788	0.163221	0.578038	0.127953	C
1614	P	0.185054	0.074711	0.614955	0.125280	C
1615	S	0.094213	0.112108	0.673998	0.119680	C
1616	N	0.068373	0.172772	0.648486	0.110369	C
1617	G	0.150860	0.107580	0.614131	0.127428	C
1618	P	0.148471	0.113869	0.614939	0.122722	C
1619	V	0.084582	0.235971	0.573628	0.105819	C
1620	M	0.086942	0.224056	0.578569	0.110432	C
1621	Q	0.144163	0.144461	0.594243	0.117133	C
1622	K	0.209558	0.131029	0.560549	0.098864	C
1623	K	0.145365	0.210312	0.540360	0.103963	C
1624	T	0.148630	0.304951	0.442071	0.104348	C
1625	L	0.121998	0.230916	0.529071	0.118016	C
1626	G	0.052826	0.257510	0.558427	0.131238	C
1627	W	0.047478	0.358582	0.469107	0.124833	C
1628	E	0.039313	0.347753	0.497716	0.115218	C
1629	A	0.052025	0.260543	0.570777	0.116656	C
1630	S	0.125736	0.277834	0.510552	0.085878	C
1631	T	0.138190	0.284190	0.486998	0.090623	C
1632	E	0.121987	0.450912	0.343457	0.083644	E
1633	M	0.022310	0.542441	0.320127	0.115122	E
1634	L	0.009658	0.602457	0.303415	0.084470	E
1635	Y	0.009487	0.580552	0.316207	0.093754	E
1636	P	0.066743	0.499084	0.370674	0.063500	E
1637	A	0.029087	0.381433	0.501432	0.088048	C
1638	D	0.060840	0.231297	0.605646	0.102217	C
1639	E	0.059854	0.271146	0.573536	0.095464	C
1640	F	0.009422	0.428153	0.457471	0.104953	C
1641	L	0.009470	0.558502	0.365775	0.066253	E
1642	E	0.039875	0.606060	0.284290	0.069775	E
1643	G	0.208354	0.530922	0.218022	0.042703	E
1644	R	0.166639	0.582466	0.208126	0.042768	E
1645	S	0.116717	0.587901	0.257452	0.037930	E
1646	D	0.258109	0.526332	0.185731	0.029828	E
1647	M	0.199970	0.567132	0.198736	0.034161	E
1648	A	0.129533	0.700998	0.154930	0.014538	E
1649	L	0.018097	0.656512	0.285964	0.039427	E
1650	K	0.055614	0.648800	0.240909	0.054677	E
1651	L	0.009711	0.523259	0.397899	0.069131	E
1652	V	0.083766	0.416314	0.409655	0.090265	E
1653	G	0.141078	0.265479	0.498167	0.095276	C
1654	G	0.098255	0.252528	0.542651	0.106566	C
1655	G	0.009692	0.366946	0.514955	0.108407	C
1656	H	0.009446	0.458953	0.427376	0.104225	E
1657	L	0.008930	0.685617	0.243740	0.061712	E
1658	I	0.008832	0.774837	0.158833	0.057498	E
1659	C	0.001738	0.739064	0.167891	0.091307	E
1660	N	0.008973	0.694007	0.227116	0.069903	E
1661	L	0.009440	0.719363	0.220909	0.050288	E
1662	K	0.125273	0.620050	0.213532	0.041145	E
1663	T	0.082554	0.543710	0.324418	0.049318	E
1664	T	0.168143	0.482049	0.315277	0.034531	E
1665	Y	0.138842	0.417924	0.391966	0.051268	E
1666	R	0.025032	0.458519	0.443647	0.072802	E
1667	S	0.215452	0.134910	0.529014	0.120624	C
1668	K	0.193904	0.091690	0.595735	0.118671	C
1669	K	0.134082	0.180996	0.555364	0.129559	C
1670	P	0.174097	0.062547	0.635987	0.127370	C
1671	A	0.194528	0.087764	0.578295	0.139414	C
1672	K	0.126485	0.109594	0.605549	0.158373	C
1673	N	0.169315	0.075203	0.615573	0.139910	C
1674	L	0.010421	0.191567	0.652886	0.145126	C
1675	K	0.040010	0.165851	0.629551	0.164589	C
1676	M	0.084890	0.127365	0.619247	0.168498	C
1677	P	0.036066	0.287343	0.512959	0.163632	C
1678	G	0.008588	0.283336	0.547639	0.160437	C
1679	V	0.135261	0.162878	0.566155	0.135706	C
1680	Y	0.059504	0.337095	0.502102	0.101299	C
1681	Y	0.140143	0.516986	0.259383	0.083488	E
1682	V	0.116400	0.530669	0.274299	0.078632	E
1683	D	0.031427	0.681607	0.227288	0.059678	E
1684	R	0.071298	0.826345	0.092101	0.010257	E
1685	R	0.159007	0.695533	0.129927	0.015533	E
1686	L	0.044331	0.676221	0.240213	0.039235	E
1687	E	0.097201	0.700806	0.142987	0.059006	E
1688	R	0.020503	0.667948	0.239650	0.071899	E
1689	I	0.063035	0.514303	0.351829	0.070832	E
1690	K	0.097853	0.419085	0.398332	0.084730	E
1691	E	0.078919	0.293246	0.532383	0.095451	C
1692	A	0.120229	0.195317	0.571847	0.112607	C
1693	D	0.203840	0.129267	0.588172	0.078721	C
1694	K	0.253206	0.146219	0.529146	0.071429	C
1695	E	0.149528	0.245876	0.527368	0.077228	C
1696	T	0.106718	0.307498	0.516041	0.069743	C
1697	Y	0.169046	0.442410	0.314109	0.074435	E
1698	V	0.161365	0.519195	0.294283	0.025157	E
1699	E	0.250773	0.600429	0.141487	0.007311	E
1700	Q	0.253349	0.562663	0.148219	0.035769	E
1701	H	0.448595	0.324535	0.192972	0.033899	H
1702	E	0.523090	0.372663	0.065253	0.038993	H
1703	V	0.522473	0.266824	0.184249	0.026454	H
1704	A	0.451623	0.335002	0.188045	0.025330	H
1705	V	0.352151	0.346574	0.261898	0.039376	H
1706	A	0.252766	0.362127	0.322454	0.062652	E
1707	R	0.187765	0.301770	0.440039	0.070426	C
1708	Y	0.128358	0.265331	0.527267	0.079044	C
1709	C	0.067305	0.267925	0.549852	0.114917	C
1710	D	0.027335	0.213565	0.631502	0.127599	C
1711	L	0.039988	0.175834	0.638414	0.145763	C
1712	P	0.140186	0.204906	0.523057	0.131851	C
1713	S	0.257738	0.187080	0.426821	0.128360	C
1714	K	0.321408	0.141669	0.417629	0.119294	C
1715	L	0.231012	0.163864	0.474188	0.130937	C
1716	G	0.215790	0.120796	0.532821	0.130593	C
1717	H	0.137223	0.173630	0.555011	0.134136	C
1718	K	0.111425	0.120073	0.598076	0.170425	C
1719	G	0.113218	0.127497	0.599511	0.159775	C
1720	G	0.097052	0.114102	0.647275	0.141571	C
1721	T	0.141833	0.080225	0.631450	0.146492	C
1722	G	0.232106	0.090489	0.563548	0.113857	C
1723	G	0.275724	0.020288	0.587047	0.116941	C
1724	S	0.274597	0.060580	0.567490	0.097333	C
1725	M	0.368622	0.078735	0.478563	0.074081	C
1726	S	0.375516	0.056473	0.495909	0.072102	C
1727	E	0.352549	0.065138	0.486600	0.095713	C
1728	L	0.376132	0.058208	0.501459	0.064201	C
1729	I	0.295979	0.137152	0.473642	0.093227	C
1730	T	0.257198	0.101678	0.521338	0.119786	C
1731	E	0.207099	0.109090	0.567636	0.116176	C
1732	N	0.095400	0.142880	0.632890	0.128830	C
1733	M	0.075476	0.286883	0.524273	0.113368	C
1734	H	0.009424	0.520726	0.368045	0.101805	E
1735	M	0.009528	0.668651	0.248314	0.073508	E
1736	K	0.008565	0.848844	0.083009	0.059581	E
1737	L	0.009190	0.801758	0.139898	0.049154	E
1738	Y	0.009466	0.902286	0.059769	0.028479	E
1739	M	0.009210	0.787501	0.172574	0.030716	E
1740	E	0.098004	0.704745	0.151900	0.045351	E
1741	G	0.009418	0.611881	0.283550	0.095151	E
1742	T	0.036560	0.438375	0.428083	0.096982	E
1743	V	0.009470	0.456144	0.453255	0.081132	E
1744	N	0.056367	0.288523	0.579221	0.075889	C
1745	N	0.017194	0.291677	0.579399	0.111730	C
1746	H	0.039528	0.405914	0.478765	0.075793	C
1747	H	0.017964	0.433356	0.429644	0.119036	E
1748	F	0.008685	0.665277	0.265888	0.060150	E
1749	K	0.009705	0.858571	0.079301	0.052423	E
1750	C	0.008991	0.880030	0.053877	0.057102	E
1751	T	0.014398	0.811245	0.110977	0.063380	E
1752	S	0.008769	0.633285	0.252062	0.105885	E
1753	E	0.009738	0.551405	0.328035	0.110822	E
1754	G	0.009606	0.486820	0.408997	0.094577	E
1755	E	0.002691	0.478171	0.386871	0.132267	E
1756	G	0.110608	0.350561	0.423096	0.115736	C
1757	K	0.009403	0.404846	0.456756	0.128995	C
1758	P	0.103291	0.254630	0.506841	0.135238	C
1759	Y	0.031876	0.286401	0.537598	0.144124	C
1760	E	0.031275	0.253301	0.586595	0.128829	C
1761	G	0.179867	0.332064	0.388250	0.099819	C
1762	T	0.013380	0.547812	0.358806	0.080002	E
1763	Q	0.107910	0.579667	0.264060	0.048364	E
1764	T	0.097068	0.595172	0.245749	0.062011	E
1765	M	0.029054	0.699284	0.217401	0.054261	E
1766	R	0.009774	0.668835	0.264280	0.057110	E
1767	I	0.009088	0.738559	0.202225	0.050128	E
1768	K	0.041552	0.805334	0.121285	0.031829	E
1769	V	0.011750	0.771713	0.173996	0.042542	E
1770	V	0.002819	0.607418	0.313524	0.076239	E
1771	E	0.131119	0.364402	0.430437	0.074042	C
1772	G	0.088504	0.217451	0.547058	0.146987	C
1773	G	0.009685	0.273725	0.553695	0.162895	C
1774	P	0.091359	0.295523	0.480219	0.132899	C
1775	L	0.009527	0.288665	0.555250	0.146558	C
1776	P	0.009505	0.355695	0.518921	0.115879	C
1777	F	0.082143	0.407392	0.405071	0.105394	E
1778	A	0.038699	0.392152	0.477030	0.092119	C
1779	F	0.237098	0.342966	0.348860	0.071076	C
1780	D	0.432868	0.156651	0.357680	0.052801	H
1781	I	0.333142	0.269822	0.332171	0.064865	H
1782	L	0.255598	0.330917	0.349718	0.063766	C
1783	A	0.336104	0.189692	0.413164	0.061039	C
1784	T	0.370340	0.122342	0.443620	0.063698	C
1785	S	0.349440	0.173952	0.430181	0.046427	C
1786	F	0.374328	0.157518	0.422616	0.045537	C
1787	S	0.257073	0.160072	0.531279	0.051576	C
1788	K	0.297384	0.211203	0.410224	0.081189	C
1789	T	0.234154	0.373199	0.347988	0.044659	E
1790	F	0.120654	0.370246	0.425957	0.083143	C
1791	I	0.112792	0.291402	0.517876	0.077930	C
1792	N	0.180363	0.211929	0.507004	0.100704	C
1793	H	0.038983	0.242950	0.598326	0.119741	C
1794	T	0.118837	0.163740	0.607404	0.110019	C
1795	Q	0.229018	0.092952	0.600828	0.077202	C
1796	G	0.261041	0.009579	0.638749	0.090631	C
1797	I	0.229134	0.079709	0.586170	0.104987	C
1798	P	0.355609	0.116746	0.453683	0.073962	C
1799	D	0.495508	0.037047	0.407730	0.059716	H
1800	F	0.653085	0.038381	0.285068	0.023466	H
1801	F	0.639890	0.056418	0.258171	0.045521	H
1802	K	0.644762	0.116476	0.206508	0.032254	H
1803	Q	0.558711	0.047236	0.347262	0.046791	H
1804	S	0.404606	0.171242	0.367598	0.056554	H
1805	F	0.251921	0.157712	0.520612	0.069755	C
1806	P	0.221223	0.134928	0.525976	0.117873	C
1807	E	0.203360	0.138405	0.512822	0.145413	C
1808	G	0.162076	0.173438	0.543542	0.120944	C
1809	F	0.003493	0.220635	0.681280	0.094593	C
1810	T	0.123124	0.410879	0.393755	0.072243	E
1811	W	0.009749	0.587954	0.318494	0.083803	E
1812	E	0.009731	0.729016	0.226021	0.035232	E
1813	R	0.008901	0.615000	0.342975	0.033124	E
1814	V	0.009345	0.644978	0.273383	0.072293	E
1815	T	0.009455	0.735858	0.197636	0.057050	E
1816	T	0.032147	0.608430	0.290511	0.068911	E
1817	Y	0.046140	0.476447	0.373034	0.104379	E
1818	E	0.130317	0.338861	0.434629	0.096193	C
1819	D	0.113177	0.302176	0.488363	0.096285	C
1820	G	0.125878	0.239214	0.547376	0.087532	C
1821	G	0.009804	0.436936	0.461038	0.092223	C
1822	V	0.009687	0.652160	0.274974	0.063178	E
1823	L	0.049231	0.731342	0.179431	0.039996	E
1824	T	0.009676	0.686367	0.243726	0.060231	E
1825	A	0.019580	0.670372	0.265919	0.044128	E
1826	T	0.101465	0.625719	0.216492	0.056325	E
1827	Q	0.052691	0.603777	0.299734	0.043798	E
1828	D	0.079202	0.631115	0.253278	0.036406	E
1829	T	0.001374	0.692268	0.260362	0.045996	E
1830	S	0.009610	0.729761	0.215741	0.044888	E
1831	L	0.008923	0.649339	0.280022	0.061716	E
1832	Q	0.090693	0.555396	0.294906	0.059006	E
1833	D	0.055418	0.410234	0.448749	0.085599	C
1834	G	0.026154	0.294788	0.575591	0.103468	C
1835	C	0.023708	0.634802	0.262359	0.079131	E
1836	L	0.009252	0.651935	0.275084	0.063730	E
1837	I	0.008738	0.633950	0.287390	0.069922	E
1838	Y	0.020479	0.737701	0.210266	0.031555	E
1839	N	0.005167	0.816210	0.158317	0.020306	E
1840	V	0.009187	0.811932	0.156799	0.022082	E
1841	K	0.009356	0.836146	0.114062	0.040436	E
1842	I	0.008980	0.712947	0.231134	0.046939	E
1843	R	0.009369	0.704106	0.229014	0.057511	E
1844	G	0.006250	0.686871	0.233814	0.073065	E
1845	V	0.113131	0.397200	0.403626	0.086042	C
1846	N	0.093571	0.352523	0.473249	0.080657	C
1847	F	0.149249	0.163271	0.564335	0.123145	C
1848	P	0.211895	0.051178	0.603329	0.133598	C
1849	S	0.078219	0.117307	0.679705	0.124768	C
1850	N	0.072614	0.186344	0.626380	0.114662	C
1851	G	0.148568	0.098020	0.637684	0.115728	C
1852	P	0.174827	0.088703	0.616515	0.119954	C
1853	V	0.107057	0.211120	0.583280	0.098543	C
1854	M	0.058072	0.214569	0.615224	0.112135	C
1855	Q	0.168327	0.146204	0.576543	0.108926	C
1856	K	0.250281	0.152040	0.516978	0.080701	C
1857	K	0.211055	0.170232	0.532122	0.086591	C
1858	T	0.222985	0.206091	0.482760	0.088164	C
1859	L	0.191796	0.157126	0.539935	0.111143	C
1860	G	0.191226	0.120545	0.560102	0.128128	C
1861	W	0.047088	0.282609	0.541032	0.129271	C
1862	E	0.112465	0.285133	0.487967	0.114435	C
1863	A	0.127707	0.199142	0.565057	0.108094	C
1864	S	0.229421	0.236864	0.468394	0.065321	C
1865	T	0.152152	0.323915	0.449798	0.074136	C
1866	E	0.158190	0.358309	0.394139	0.089362	C
1867	M	0.115469	0.406177	0.371733	0.106621	E
1868	L	0.023757	0.484176	0.373405	0.118662	E
1869	Y	0.044209	0.441803	0.380884	0.133104	E
1870	P	0.106512	0.355266	0.440559	0.097663	C
1871	A	0.004648	0.165373	0.657700	0.172279	C
1872	D	0.060627	0.172654	0.669326	0.097393	C
